time,temperature_2m_icon_seamless_eps (°C),temperature_2m_member01_icon_seamless_eps (°C),temperature_2m_member02_icon_seamless_eps (°C),temperature_2m_member03_icon_seamless_eps (°C),temperature_2m_member04_icon_seamless_eps (°C),temperature_2m_member05_icon_seamless_eps (°C),temperature_2m_member06_icon_seamless_eps (°C),temperature_2m_member07_icon_seamless_eps (°C),temperature_2m_member08_icon_seamless_eps (°C),temperature_2m_member09_icon_seamless_eps (°C),temperature_2m_member10_icon_seamless_eps (°C),temperature_2m_member11_icon_seamless_eps (°C),temperature_2m_member12_icon_seamless_eps (°C),temperature_2m_member13_icon_seamless_eps (°C),temperature_2m_member14_icon_seamless_eps (°C),temperature_2m_member15_icon_seamless_eps (°C),temperature_2m_member16_icon_seamless_eps (°C),temperature_2m_member17_icon_seamless_eps (°C),temperature_2m_member18_icon_seamless_eps (°C),temperature_2m_member19_icon_seamless_eps (°C),temperature_2m_member20_icon_seamless_eps (°C),temperature_2m_member21_icon_seamless_eps (°C),temperature_2m_member22_icon_seamless_eps (°C),temperature_2m_member23_icon_seamless_eps (°C),temperature_2m_member24_icon_seamless_eps (°C),temperature_2m_member25_icon_seamless_eps (°C),temperature_2m_member26_icon_seamless_eps (°C),temperature_2m_member27_icon_seamless_eps (°C),temperature_2m_member28_icon_seamless_eps (°C),temperature_2m_member29_icon_seamless_eps (°C),temperature_2m_member30_icon_seamless_eps (°C),temperature_2m_member31_icon_seamless_eps (°C),temperature_2m_member32_icon_seamless_eps (°C),temperature_2m_member33_icon_seamless_eps (°C),temperature_2m_member34_icon_seamless_eps (°C),temperature_2m_member35_icon_seamless_eps (°C),temperature_2m_member36_icon_seamless_eps (°C),temperature_2m_member37_icon_seamless_eps (°C),temperature_2m_member38_icon_seamless_eps (°C),temperature_2m_member39_icon_seamless_eps (°C),relativehumidity_2m_icon_seamless_eps (%),relativehumidity_2m_member01_icon_seamless_eps (%),relativehumidity_2m_member02_icon_seamless_eps (%),relativehumidity_2m_member03_icon_seamless_eps (%),relativehumidity_2m_member04_icon_seamless_eps (%),relativehumidity_2m_member05_icon_seamless_eps (%),relativehumidity_2m_member06_icon_seamless_eps (%),relativehumidity_2m_member07_icon_seamless_eps (%),relativehumidity_2m_member08_icon_seamless_eps (%),relativehumidity_2m_member09_icon_seamless_eps (%),relativehumidity_2m_member10_icon_seamless_eps (%),relativehumidity_2m_member11_icon_seamless_eps (%),relativehumidity_2m_member12_icon_seamless_eps (%),relativehumidity_2m_member13_icon_seamless_eps (%),relativehumidity_2m_member14_icon_seamless_eps (%),relativehumidity_2m_member15_icon_seamless_eps (%),relativehumidity_2m_member16_icon_seamless_eps (%),relativehumidity_2m_member17_icon_seamless_eps (%),relativehumidity_2m_member18_icon_seamless_eps (%),relativehumidity_2m_member19_icon_seamless_eps (%),relativehumidity_2m_member20_icon_seamless_eps (%),relativehumidity_2m_member21_icon_seamless_eps (%),relativehumidity_2m_member22_icon_seamless_eps (%),relativehumidity_2m_member23_icon_seamless_eps (%),relativehumidity_2m_member24_icon_seamless_eps (%),relativehumidity_2m_member25_icon_seamless_eps (%),relativehumidity_2m_member26_icon_seamless_eps (%),relativehumidity_2m_member27_icon_seamless_eps (%),relativehumidity_2m_member28_icon_seamless_eps (%),relativehumidity_2m_member29_icon_seamless_eps (%),relativehumidity_2m_member30_icon_seamless_eps (%),relativehumidity_2m_member31_icon_seamless_eps (%),relativehumidity_2m_member32_icon_seamless_eps (%),relativehumidity_2m_member33_icon_seamless_eps (%),relativehumidity_2m_member34_icon_seamless_eps (%),relativehumidity_2m_member35_icon_seamless_eps (%),relativehumidity_2m_member36_icon_seamless_eps (%),relativehumidity_2m_member37_icon_seamless_eps (%),relativehumidity_2m_member38_icon_seamless_eps (%),relativehumidity_2m_member39_icon_seamless_eps (%),rain_icon_seamless_eps (mm),rain_member01_icon_seamless_eps (mm),rain_member02_icon_seamless_eps (mm),rain_member03_icon_seamless_eps (mm),rain_member04_icon_seamless_eps (mm),rain_member05_icon_seamless_eps (mm),rain_member06_icon_seamless_eps (mm),rain_member07_icon_seamless_eps (mm),rain_member08_icon_seamless_eps (mm),rain_member09_icon_seamless_eps (mm),rain_member10_icon_seamless_eps (mm),rain_member11_icon_seamless_eps (mm),rain_member12_icon_seamless_eps (mm),rain_member13_icon_seamless_eps (mm),rain_member14_icon_seamless_eps (mm),rain_member15_icon_seamless_eps (mm),rain_member16_icon_seamless_eps (mm),rain_member17_icon_seamless_eps (mm),rain_member18_icon_seamless_eps (mm),rain_member19_icon_seamless_eps (mm),rain_member20_icon_seamless_eps (mm),rain_member21_icon_seamless_eps (mm),rain_member22_icon_seamless_eps (mm),rain_member23_icon_seamless_eps (mm),rain_member24_icon_seamless_eps (mm),rain_member25_icon_seamless_eps (mm),rain_member26_icon_seamless_eps (mm),rain_member27_icon_seamless_eps (mm),rain_member28_icon_seamless_eps (mm),rain_member29_icon_seamless_eps (mm),rain_member30_icon_seamless_eps (mm),rain_member31_icon_seamless_eps (mm),rain_member32_icon_seamless_eps (mm),rain_member33_icon_seamless_eps (mm),rain_member34_icon_seamless_eps (mm),rain_member35_icon_seamless_eps (mm),rain_member36_icon_seamless_eps (mm),rain_member37_icon_seamless_eps (mm),rain_member38_icon_seamless_eps (mm),rain_member39_icon_seamless_eps (mm),windspeed_10m_icon_seamless_eps (km/h),windspeed_10m_member01_icon_seamless_eps (km/h),windspeed_10m_member02_icon_seamless_eps (km/h),windspeed_10m_member03_icon_seamless_eps (km/h),windspeed_10m_member04_icon_seamless_eps (km/h),windspeed_10m_member05_icon_seamless_eps (km/h),windspeed_10m_member06_icon_seamless_eps (km/h),windspeed_10m_member07_icon_seamless_eps (km/h),windspeed_10m_member08_icon_seamless_eps (km/h),windspeed_10m_member09_icon_seamless_eps (km/h),windspeed_10m_member10_icon_seamless_eps (km/h),windspeed_10m_member11_icon_seamless_eps (km/h),windspeed_10m_member12_icon_seamless_eps (km/h),windspeed_10m_member13_icon_seamless_eps (km/h),windspeed_10m_member14_icon_seamless_eps (km/h),windspeed_10m_member15_icon_seamless_eps (km/h),windspeed_10m_member16_icon_seamless_eps (km/h),windspeed_10m_member17_icon_seamless_eps (km/h),windspeed_10m_member18_icon_seamless_eps (km/h),windspeed_10m_member19_icon_seamless_eps (km/h),windspeed_10m_member20_icon_seamless_eps (km/h),windspeed_10m_member21_icon_seamless_eps (km/h),windspeed_10m_member22_icon_seamless_eps (km/h),windspeed_10m_member23_icon_seamless_eps (km/h),windspeed_10m_member24_icon_seamless_eps (km/h),windspeed_10m_member25_icon_seamless_eps (km/h),windspeed_10m_member26_icon_seamless_eps (km/h),windspeed_10m_member27_icon_seamless_eps (km/h),windspeed_10m_member28_icon_seamless_eps (km/h),windspeed_10m_member29_icon_seamless_eps (km/h),windspeed_10m_member30_icon_seamless_eps (km/h),windspeed_10m_member31_icon_seamless_eps (km/h),windspeed_10m_member32_icon_seamless_eps (km/h),windspeed_10m_member33_icon_seamless_eps (km/h),windspeed_10m_member34_icon_seamless_eps (km/h),windspeed_10m_member35_icon_seamless_eps (km/h),windspeed_10m_member36_icon_seamless_eps (km/h),windspeed_10m_member37_icon_seamless_eps (km/h),windspeed_10m_member38_icon_seamless_eps (km/h),windspeed_10m_member39_icon_seamless_eps (km/h),windgusts_10m_icon_seamless_eps (undefined),windgusts_10m_member01_icon_seamless_eps (undefined),windgusts_10m_member02_icon_seamless_eps (undefined),windgusts_10m_member03_icon_seamless_eps (undefined),windgusts_10m_member04_icon_seamless_eps (undefined),windgusts_10m_member05_icon_seamless_eps (undefined),windgusts_10m_member06_icon_seamless_eps (undefined),windgusts_10m_member07_icon_seamless_eps (undefined),windgusts_10m_member08_icon_seamless_eps (undefined),windgusts_10m_member09_icon_seamless_eps (undefined),windgusts_10m_member10_icon_seamless_eps (undefined),windgusts_10m_member11_icon_seamless_eps (undefined),windgusts_10m_member12_icon_seamless_eps (undefined),windgusts_10m_member13_icon_seamless_eps (undefined),windgusts_10m_member14_icon_seamless_eps (undefined),windgusts_10m_member15_icon_seamless_eps (undefined),windgusts_10m_member16_icon_seamless_eps (undefined),windgusts_10m_member17_icon_seamless_eps (undefined),windgusts_10m_member18_icon_seamless_eps (undefined),windgusts_10m_member19_icon_seamless_eps (undefined),windgusts_10m_member20_icon_seamless_eps (undefined),windgusts_10m_member21_icon_seamless_eps (undefined),windgusts_10m_member22_icon_seamless_eps (undefined),windgusts_10m_member23_icon_seamless_eps (undefined),windgusts_10m_member24_icon_seamless_eps (undefined),windgusts_10m_member25_icon_seamless_eps (undefined),windgusts_10m_member26_icon_seamless_eps (undefined),windgusts_10m_member27_icon_seamless_eps (undefined),windgusts_10m_member28_icon_seamless_eps (undefined),windgusts_10m_member29_icon_seamless_eps (undefined),windgusts_10m_member30_icon_seamless_eps (undefined),windgusts_10m_member31_icon_seamless_eps (undefined),windgusts_10m_member32_icon_seamless_eps (undefined),windgusts_10m_member33_icon_seamless_eps (undefined),windgusts_10m_member34_icon_seamless_eps (undefined),windgusts_10m_member35_icon_seamless_eps (undefined),windgusts_10m_member36_icon_seamless_eps (undefined),windgusts_10m_member37_icon_seamless_eps (undefined),windgusts_10m_member38_icon_seamless_eps (undefined),windgusts_10m_member39_icon_seamless_eps (undefined),temperature_2m_ncep_gefs_seamless (°C),temperature_2m_member01_ncep_gefs_seamless (°C),temperature_2m_member02_ncep_gefs_seamless (°C),temperature_2m_member03_ncep_gefs_seamless (°C),temperature_2m_member04_ncep_gefs_seamless (°C),temperature_2m_member05_ncep_gefs_seamless (°C),temperature_2m_member06_ncep_gefs_seamless (°C),temperature_2m_member07_ncep_gefs_seamless (°C),temperature_2m_member08_ncep_gefs_seamless (°C),temperature_2m_member09_ncep_gefs_seamless (°C),temperature_2m_member10_ncep_gefs_seamless (°C),temperature_2m_member11_ncep_gefs_seamless (°C),temperature_2m_member12_ncep_gefs_seamless (°C),temperature_2m_member13_ncep_gefs_seamless (°C),temperature_2m_member14_ncep_gefs_seamless (°C),temperature_2m_member15_ncep_gefs_seamless (°C),temperature_2m_member16_ncep_gefs_seamless (°C),temperature_2m_member17_ncep_gefs_seamless (°C),temperature_2m_member18_ncep_gefs_seamless (°C),temperature_2m_member19_ncep_gefs_seamless (°C),temperature_2m_member20_ncep_gefs_seamless (°C),temperature_2m_member21_ncep_gefs_seamless (°C),temperature_2m_member22_ncep_gefs_seamless (°C),temperature_2m_member23_ncep_gefs_seamless (°C),temperature_2m_member24_ncep_gefs_seamless (°C),temperature_2m_member25_ncep_gefs_seamless (°C),temperature_2m_member26_ncep_gefs_seamless (°C),temperature_2m_member27_ncep_gefs_seamless (°C),temperature_2m_member28_ncep_gefs_seamless (°C),temperature_2m_member29_ncep_gefs_seamless (°C),temperature_2m_member30_ncep_gefs_seamless (°C),relativehumidity_2m_ncep_gefs_seamless (%),relativehumidity_2m_member01_ncep_gefs_seamless (%),relativehumidity_2m_member02_ncep_gefs_seamless (%),relativehumidity_2m_member03_ncep_gefs_seamless (%),relativehumidity_2m_member04_ncep_gefs_seamless (%),relativehumidity_2m_member05_ncep_gefs_seamless (%),relativehumidity_2m_member06_ncep_gefs_seamless (%),relativehumidity_2m_member07_ncep_gefs_seamless (%),relativehumidity_2m_member08_ncep_gefs_seamless (%),relativehumidity_2m_member09_ncep_gefs_seamless (%),relativehumidity_2m_member10_ncep_gefs_seamless (%),relativehumidity_2m_member11_ncep_gefs_seamless (%),relativehumidity_2m_member12_ncep_gefs_seamless (%),relativehumidity_2m_member13_ncep_gefs_seamless (%),relativehumidity_2m_member14_ncep_gefs_seamless (%),relativehumidity_2m_member15_ncep_gefs_seamless (%),relativehumidity_2m_member16_ncep_gefs_seamless (%),relativehumidity_2m_member17_ncep_gefs_seamless (%),relativehumidity_2m_member18_ncep_gefs_seamless (%),relativehumidity_2m_member19_ncep_gefs_seamless (%),relativehumidity_2m_member20_ncep_gefs_seamless (%),relativehumidity_2m_member21_ncep_gefs_seamless (%),relativehumidity_2m_member22_ncep_gefs_seamless (%),relativehumidity_2m_member23_ncep_gefs_seamless (%),relativehumidity_2m_member24_ncep_gefs_seamless (%),relativehumidity_2m_member25_ncep_gefs_seamless (%),relativehumidity_2m_member26_ncep_gefs_seamless (%),relativehumidity_2m_member27_ncep_gefs_seamless (%),relativehumidity_2m_member28_ncep_gefs_seamless (%),relativehumidity_2m_member29_ncep_gefs_seamless (%),relativehumidity_2m_member30_ncep_gefs_seamless (%),rain_ncep_gefs_seamless (mm),rain_member01_ncep_gefs_seamless (mm),rain_member02_ncep_gefs_seamless (mm),rain_member03_ncep_gefs_seamless (mm),rain_member04_ncep_gefs_seamless (mm),rain_member05_ncep_gefs_seamless (mm),rain_member06_ncep_gefs_seamless (mm),rain_member07_ncep_gefs_seamless (mm),rain_member08_ncep_gefs_seamless (mm),rain_member09_ncep_gefs_seamless (mm),rain_member10_ncep_gefs_seamless (mm),rain_member11_ncep_gefs_seamless (mm),rain_member12_ncep_gefs_seamless (mm),rain_member13_ncep_gefs_seamless (mm),rain_member14_ncep_gefs_seamless (mm),rain_member15_ncep_gefs_seamless (mm),rain_member16_ncep_gefs_seamless (mm),rain_member17_ncep_gefs_seamless (mm),rain_member18_ncep_gefs_seamless (mm),rain_member19_ncep_gefs_seamless (mm),rain_member20_ncep_gefs_seamless (mm),rain_member21_ncep_gefs_seamless (mm),rain_member22_ncep_gefs_seamless (mm),rain_member23_ncep_gefs_seamless (mm),rain_member24_ncep_gefs_seamless (mm),rain_member25_ncep_gefs_seamless (mm),rain_member26_ncep_gefs_seamless (mm),rain_member27_ncep_gefs_seamless (mm),rain_member28_ncep_gefs_seamless (mm),rain_member29_ncep_gefs_seamless (mm),rain_member30_ncep_gefs_seamless (mm),windspeed_10m_ncep_gefs_seamless (km/h),windspeed_10m_member01_ncep_gefs_seamless (km/h),windspeed_10m_member02_ncep_gefs_seamless (km/h),windspeed_10m_member03_ncep_gefs_seamless (km/h),windspeed_10m_member04_ncep_gefs_seamless (km/h),windspeed_10m_member05_ncep_gefs_seamless (km/h),windspeed_10m_member06_ncep_gefs_seamless (km/h),windspeed_10m_member07_ncep_gefs_seamless (km/h),windspeed_10m_member08_ncep_gefs_seamless (km/h),windspeed_10m_member09_ncep_gefs_seamless (km/h),windspeed_10m_member10_ncep_gefs_seamless (km/h),windspeed_10m_member11_ncep_gefs_seamless (km/h),windspeed_10m_member12_ncep_gefs_seamless (km/h),windspeed_10m_member13_ncep_gefs_seamless (km/h),windspeed_10m_member14_ncep_gefs_seamless (km/h),windspeed_10m_member15_ncep_gefs_seamless (km/h),windspeed_10m_member16_ncep_gefs_seamless (km/h),windspeed_10m_member17_ncep_gefs_seamless (km/h),windspeed_10m_member18_ncep_gefs_seamless (km/h),windspeed_10m_member19_ncep_gefs_seamless (km/h),windspeed_10m_member20_ncep_gefs_seamless (km/h),windspeed_10m_member21_ncep_gefs_seamless (km/h),windspeed_10m_member22_ncep_gefs_seamless (km/h),windspeed_10m_member23_ncep_gefs_seamless (km/h),windspeed_10m_member24_ncep_gefs_seamless (km/h),windspeed_10m_member25_ncep_gefs_seamless (km/h),windspeed_10m_member26_ncep_gefs_seamless (km/h),windspeed_10m_member27_ncep_gefs_seamless (km/h),windspeed_10m_member28_ncep_gefs_seamless (km/h),windspeed_10m_member29_ncep_gefs_seamless (km/h),windspeed_10m_member30_ncep_gefs_seamless (km/h),windgusts_10m_ncep_gefs_seamless (km/h),windgusts_10m_member01_ncep_gefs_seamless (km/h),windgusts_10m_member02_ncep_gefs_seamless (km/h),windgusts_10m_member03_ncep_gefs_seamless (km/h),windgusts_10m_member04_ncep_gefs_seamless (km/h),windgusts_10m_member05_ncep_gefs_seamless (km/h),windgusts_10m_member06_ncep_gefs_seamless (km/h),windgusts_10m_member07_ncep_gefs_seamless (km/h),windgusts_10m_member08_ncep_gefs_seamless (km/h),windgusts_10m_member09_ncep_gefs_seamless (km/h),windgusts_10m_member10_ncep_gefs_seamless (km/h),windgusts_10m_member11_ncep_gefs_seamless (km/h),windgusts_10m_member12_ncep_gefs_seamless (km/h),windgusts_10m_member13_ncep_gefs_seamless (km/h),windgusts_10m_member14_ncep_gefs_seamless (km/h),windgusts_10m_member15_ncep_gefs_seamless (km/h),windgusts_10m_member16_ncep_gefs_seamless (km/h),windgusts_10m_member17_ncep_gefs_seamless (km/h),windgusts_10m_member18_ncep_gefs_seamless (km/h),windgusts_10m_member19_ncep_gefs_seamless (km/h),windgusts_10m_member20_ncep_gefs_seamless (km/h),windgusts_10m_member21_ncep_gefs_seamless (km/h),windgusts_10m_member22_ncep_gefs_seamless (km/h),windgusts_10m_member23_ncep_gefs_seamless (km/h),windgusts_10m_member24_ncep_gefs_seamless (km/h),windgusts_10m_member25_ncep_gefs_seamless (km/h),windgusts_10m_member26_ncep_gefs_seamless (km/h),windgusts_10m_member27_ncep_gefs_seamless (km/h),windgusts_10m_member28_ncep_gefs_seamless (km/h),windgusts_10m_member29_ncep_gefs_seamless (km/h),windgusts_10m_member30_ncep_gefs_seamless (km/h),temperature_2m_ecmwf_ifs04 (°C),relativehumidity_2m_ecmwf_ifs04 (%),rain_ecmwf_ifs04 (mm),windspeed_10m_ecmwf_ifs04 (km/h),windgusts_10m_ecmwf_ifs04 (undefined),latitude,longitude
2026-09-30T00:00,28.1,28.3,28.5,27.9,28.4,27.9,28.7,27.4,28.5,27.8,28.4,27.4,28.1,28.7,28.3,27.8,28.4,28.6,28.2,28.8,28.1,28,27.5,28.6,28.1,28,28.1,28.2,27.6,28.8,28.2,28.3,28.1,28.3,28.2,28.8,28.4,27.5,28.8,28.3,92,91,89,92,92,92,90,94,89,92,87,94,92,87,91,91,91,88,92,87,93,92,91,87,93,92,91,88,93,90,89,90,90,90,90,89,89,93,90,90,0,0,0,0,0,0,0,0,0,0,0,0,0,0,0,0,0,0,0,0,0,0,0,0,0,0,0,0,0,0,0,0,0,0,0,0,0,0,0,0,2.8,3.2,3.6,3.1,2.9,2.6,2.3,3.8,2.6,3.3,1.9,3.6,4.1,2.1,3.6,2.6,3.2,2.1,2.2,2.3,3.6,2.9,3.1,3.1,3.4,4.5,2.6,2.6,4.6,4.3,2.4,3.3,2.9,2.6,3.2,3.1,2.1,3.6,4.4,2.4,,,,,,,,,,,,,,,,,,,,,,,,,,,,,,,,,,,,,,,,,28.3,28.2,28.2,28.6,28.3,28.3,28.3,28,28.2,28.3,28.4,28.3,28.1,28.2,28.4,28.4,28.3,28.1,28.3,28.3,28.1,28.2,28.3,28.1,28.4,28.5,28.2,28.1,28.4,28.3,28.4,85,85,85,83,86,86,84,86,86,86,84,83,86,84,84,84,86,85,84,84,85,86,85,85,85,84,85,85,85,86,83,0.6,0.5,0.8,0.5,0.9,0.3,0.6,0.4,0.5,1,0.4,0.1,0.7,0.2,0.2,0.6,0.8,0,0.1,0.3,0.5,0.3,0.2,0.7,1,0.7,0.2,0,0.6,0.5,0.5,18.3,16.9,18.4,17.6,18.1,18.5,20.9,17.1,19.6,19.6,18.4,20,18.6,18.8,18.1,16.6,17.1,17.6,18.1,19.1,18.4,17.6,16.3,16.4,19.4,16.8,19.1,18.9,17.4,17.6,18.9,21.6,20.5,22.3,22.3,21.2,22,24.5,20.2,23.4,22.7,22,24.5,21.2,22.3,21.6,20.5,20.5,20.5,22,23,22,20.5,19.8,18.7,22.7,20.5,22,21.6,21.2,20.5,23.4,,,,,,22.2204,114.2127
2026-09-30T01:00,28.1,28.2,28.4,27.8,28.2,27.8,28.5,27.3,28.4,27.7,28.2,27.3,28,28.7,28.2,27.6,28.3,28.5,28.1,28.6,28.1,27.8,27.4,28.4,28.1,27.9,27.9,28.1,27.5,28.7,28,28.1,27.9,28.2,28.1,28.6,28.3,27.4,28.8,28.1,92,91,90,92,93,92,91,94,90,92,88,95,93,86,92,91,91,88,92,87,94,92,91,88,93,92,92,88,94,90,89,92,91,90,90,90,89,93,90,90,0,0,0,0,0,0,0,0,0,0,0,0,0,0,0,0,0,0,0,0,0,0,0,0,0,0,0,0,0,0,0,0,0,0,0,0,0,0,0,0,2.9,2.7,3.1,3.1,3.1,2.5,2,3.6,2.8,3.1,2,3.9,3.8,2.3,3.3,2.4,3.1,2,1.8,2.1,3.3,2.8,2.6,2.8,3.6,4.2,2.8,2.3,4.1,3.8,2.3,3.1,2.9,2.5,3.2,2.6,1.8,3.6,4.3,2.4,,,,,,,,,,,,,,,,,,,,,,,,,,,,,,,,,,,,,,,,,28.1,28.1,28,28.3,28,28.3,28.2,28,28.2,28.2,28.2,28.2,28,28.1,28.2,28.2,28.1,28,28.1,28.2,28,28,28.2,28,28.2,28.2,28.1,28,28.3,28,28.2,84,85,85,82,86,84,84,84,85,84,84,82,84,81,84,83,86,84,84,85,84,86,83,83,85,84,85,84,84,86,82,0.6,0.5,0.8,0.5,0.9,0.3,0.6,0.4,0.5,1,0.4,0.1,0.7,0.2,0.2,0.6,0.8,0,0.1,0.3,0.5,0.3,0.2,0.7,1,0.7,0.2,0,0.6,0.5,0.5,16.8,15.8,16.7,16.8,17.6,16.5,17.1,16.4,17.3,18.6,17.1,17.9,16.1,17.3,16.3,15,15,15.6,17.3,17.6,17.1,17.3,15.6,16,18.4,15.3,17.1,16.4,16.6,15,18,19.1,18,19.1,20.2,19.8,18.7,19.4,18.7,19.8,20.5,19.4,20.5,17.6,20.2,18.4,17.6,16.9,17.6,20.2,19.8,19.8,19.8,18.4,17.6,20.2,17.3,18.7,18,19.1,16.9,20.9,,,,,,22.2204,114.2127
2026-09-30T02:00,28.2,28.2,28.3,27.8,28.2,27.7,28.5,27.2,28.3,27.6,28.1,27.2,27.9,28.7,28.1,27.5,28.3,28.5,28.1,28.6,28.1,27.7,27.2,28.3,28.1,27.8,27.7,28,27.3,28.7,27.9,28,27.8,28.1,28,28.6,28.3,27.3,28.7,28.1,91,91,90,92,93,92,91,95,90,92,88,95,93,85,92,91,92,87,92,87,93,93,91,89,93,92,93,88,94,90,89,93,91,89,90,90,88,92,91,90,0,0,0,0,0,0,0,0,0,0,0,0,0,0,0,0,0,0,0,0,0,0,0,0,0,0,0,0,0,0,0,0,0,0,0,0,0,0,0,0,2.7,2.9,2.9,2.7,3.1,2.6,2.3,3.6,2.8,3.1,2.1,4,3.9,2.5,3.3,2.6,3.1,2.1,1.5,2,3.4,2.8,2.5,2.8,3.6,3.9,2.5,2.1,4.1,3.9,2.5,3.2,2.6,2.9,3.1,2.4,2.4,3.6,4.3,2.4,,,,,,,,,,,,,,,,,,,,,,,,,,,,,,,,,,,,,,,,,28,28,28,28.1,27.9,28.3,28.1,28,28.2,28.1,28.1,28.1,28,28.1,28,28.1,27.9,28,27.9,28.1,27.9,27.9,28.1,28,28.1,28,28,27.9,28.2,27.9,28,84,85,85,82,86,83,83,83,85,83,84,81,83,80,84,82,86,84,84,85,83,85,82,81,84,85,85,84,84,86,82,0.6,0.5,0.8,0.5,0.9,0.3,0.6,0.4,0.5,1,0.4,0.1,0.7,0.2,0.2,0.6,0.8,0,0.1,0.3,0.5,0.3,0.2,0.7,1,0.7,0.2,0,0.6,0.5,0.5,15.4,15.1,15.4,16,17.4,15,14.6,15.8,16,17.4,15.9,16.4,14.6,16.3,15.1,14.1,13.5,14.3,16.6,16.4,15.9,16.8,14.6,15.2,17.4,14.5,15.6,14.6,15.7,13.5,17,17.3,16.6,16.9,18.4,19.1,16.6,16.2,17.6,17.6,19.1,18,18,15.5,18.7,16.6,15.8,14.8,15.8,18.7,18,18,19.1,16.9,16.9,18.7,15.8,16.6,15.5,17.6,14.8,19.1,,,,,,22.2204,114.2127
2026-09-30T03:00,28.1,28.1,28.2,27.8,28.1,27.6,28.4,27.2,28.3,27.4,28.1,27.1,27.9,28.5,28.1,27.4,28.2,28.4,28.1,28.5,28.1,27.5,27.1,28.3,28.1,27.7,27.6,27.9,27.3,28.5,27.8,27.9,27.8,28,27.8,28.5,28.2,27.2,28.6,28,92,92,91,92,93,92,91,95,91,93,88,95,93,86,92,91,92,87,91,86,94,93,91,89,92,92,93,88,94,91,89,93,91,89,91,90,88,92,92,89,0,0,0,0,0,0,0,0,0,0,0,0,0,0,0,0,0,0,0,0,0,0,0,0,0,0,0,0,0,0,0,0,0,0,0,0,0,0,0,0,3.3,3.6,2.7,3,3.1,2.6,2.2,3.3,2.7,3.2,2.7,3.9,3.5,2.6,3.2,2.6,3.2,2.6,1.6,2.4,3.1,2.9,2.5,2.8,3.7,3.6,2.4,2.2,4,3.9,2.6,3.3,2.5,2.6,3.3,2.6,2.6,3.3,4.2,2.3,,,,,,,,,,,,,,,,,,,,,,,,,,,,,,,,,,,,,,,,,28,28,28,28,27.9,28.2,28,28,28.1,28.1,28.1,28,28.1,28,28,28,27.9,28,27.9,28.1,27.9,27.9,28.1,28,28,28,28,27.9,28.2,27.9,28,84,85,85,82,86,83,83,83,85,83,84,81,83,80,84,82,86,84,84,85,83,85,82,81,84,86,85,84,84,86,82,0.2,0.3,0.3,0.1,0.3,0.4,0,0,0.6,0,0,0,0.1,0,0.2,0,0.5,0,0,0.2,0,0.1,0,0,0.4,0.2,0.4,0.2,0,0.2,0,15.2,15.1,15.3,15.3,17.6,14.6,13.8,15.3,16.6,16.4,15.6,15.9,15.1,16.1,15.1,13.3,13.6,13.8,16,16,15.3,16.5,13.3,14,17.3,15,15.2,13.8,15.1,14,16.1,17.6,17.3,17.6,18,20.2,16.9,16.2,18,19.1,19.1,18.7,18.4,17.3,19.1,17.3,15.5,15.5,15.8,18.7,18.4,17.6,19.1,16.6,16.6,19.4,17.3,16.9,15.1,17.6,16.6,19.1,,,,,,22.2204,114.2127
2026-09-30T04:00,27.9,27.8,28.1,27.7,28.1,27.5,28.4,27.1,28.2,27.3,28.1,26.9,27.8,28.5,28.1,27.3,28.2,28.3,28,28.4,28.1,27.4,27,28.3,28,27.6,27.5,27.8,27.2,28.5,27.7,27.8,27.7,27.9,27.7,28.4,28.1,27.1,28.5,28,94,93,91,93,93,92,90,95,91,93,87,96,94,87,92,92,92,88,91,86,94,93,91,89,92,93,93,88,95,92,89,94,90,89,91,90,88,91,93,89,0,0,0,0,0,0,0,0,0,0,0,0,0,0,0,0,0,0,0,0,0,0,0,0,0,0,0,0,0,0,0,0,0,0,0,0,0,0,0,0,3.3,3.7,3,3.2,3,2.6,2.5,3.1,2.9,3.3,2.5,4,3.8,2.3,3.3,2.3,3.3,2.5,1,2.3,2.8,2.9,2.6,2.9,3.4,3.5,2.3,2.5,4.1,4.1,2.3,3.3,2.7,2.9,3.3,2.9,2.6,3.4,4.2,2.3,,,,,,,,,,,,,,,,,,,,,,,,,,,,,,,,,,,,,,,,,28,28,28,28,28.1,28.1,28,28,28.1,28,28.2,28,28.2,28,28,28,28,28,27.9,28,28,28,28.1,28,28,28,28,27.9,28.2,28.1,28,84,85,85,83,85,84,83,84,84,84,85,82,84,81,85,83,85,85,84,85,83,85,83,82,84,86,85,85,85,85,83,0.2,0.3,0.3,0.1,0.3,0.4,0,0,0.6,0,0,0,0.1,0,0.2,0,0.5,0,0,0.2,0,0.1,0,0,0.4,0.2,0.4,0.2,0,0.2,0,15.6,15.6,15.6,14.8,17.9,14.8,14,15.5,18.2,15.9,15.6,16.1,16.6,15.8,15.6,13,14.6,13.7,15.8,15.9,15,15.8,12.4,13,17.2,16.4,15.5,13.6,14.7,15.6,15.7,19.1,18.7,19.4,18,22,18.4,17.6,18.7,22.3,19.8,20.2,20.2,20.5,20.2,19.1,15.5,17.6,16.2,19.1,20.2,18,19.4,16.2,16.9,20.9,20.2,18.7,15.8,18,20.2,19.4,,,,,,22.2204,114.2127
2026-09-30T05:00,27.9,27.7,28,27.7,28.1,27.4,28.4,27.1,28.1,27.2,28.1,26.9,27.7,28.4,28,27.3,28.1,28.2,27.9,28.3,28.1,27.4,26.9,28.3,27.9,27.5,27.5,27.7,27.1,28.4,27.6,27.7,27.7,27.8,27.6,28.4,28.1,27.1,28.5,27.9,94,94,91,93,93,92,90,95,91,94,87,96,94,87,92,92,93,88,91,86,94,92,91,88,92,93,93,89,95,92,89,94,90,90,92,90,88,91,93,89,0,0,0,0,0,0,0,0,0,0,0,0,0,0,0,0,0,0,0,0,0,0,0,0,0,0,0,0,0,0,0,0,0,0,0,0,0,0,0,0,3.4,3.6,3.7,3.3,2.9,2.3,2.2,2.9,2.9,3.2,2.5,4,3.2,1.5,3.6,2.3,3.3,2.6,0.8,2.6,2.4,3.4,2.4,2.6,3.2,3.3,2.3,2.6,4,4,2.2,3.1,2.6,2.9,3.3,2.9,2.5,2.7,4,2.6,,,,,,,,,,,,,,,,,,,,,,,,,,,,,,,,,,,,,,,,,28.1,28,28.1,28.1,28.2,28.1,28,28.1,28.1,28.1,28.3,28.1,28.3,28.1,28.1,28,28.1,28.1,28,28,28.1,28.1,28.1,28.1,28,28.1,28,27.9,28.2,28.2,28.1,84,85,84,83,85,84,83,84,84,84,85,82,84,82,85,83,85,85,84,85,83,84,84,82,84,86,84,85,85,84,83,0.2,0.3,0.3,0.1,0.3,0.4,0,0,0.6,0,0,0,0.1,0,0.2,0,0.5,0,0,0.2,0,0.1,0,0,0.4,0.2,0.4,0.2,0,0.2,0,15.8,15.9,16,14.7,17.9,15.1,14.9,15.7,19.3,15.8,16.1,16.5,17.8,15.6,16.2,12.9,15.5,13.7,15.9,16.1,15.2,15.8,12,12.3,17.7,17.7,16.1,13.7,14.4,17.3,15.7,20.2,20.2,20.9,18.4,23,19.4,19.1,19.8,24.5,20.2,21.2,21.2,23,20.5,20.5,16.2,19.1,16.9,19.4,21.2,18.4,19.8,16.2,16.9,22,22,20.2,16.6,18.4,22.7,20.2,,,,,,22.2204,114.2127
2026-09-30T06:00,27.7,27.6,27.8,27.7,28.1,27.4,28.3,27.1,28.1,27.1,28,26.9,27.7,28.3,27.9,27.2,28.1,28.1,27.9,28.2,28.1,27.3,26.8,28.3,27.8,27.4,27.5,27.6,27.1,28.4,27.6,27.6,27.7,27.8,27.5,28.3,28.1,27,28.5,27.9,96,94,91,93,94,92,90,95,92,94,87,95,95,88,92,92,94,88,92,87,94,92,91,89,93,94,93,89,94,92,89,95,90,90,92,90,88,91,93,89,0,0.1,0,0,0,0,0,0,0,0,0,0,0,0,0,0,0,0,0,0,0,0,0,0,0,0,0,0,0,0,0,0,0,0,0,0,0,0,0,0,3.6,3.3,3.2,3.4,2.7,2.3,2.5,3.2,2.7,3.3,2.2,4,2.9,0.4,3.6,2.2,3.3,2.4,0.5,2.2,2.2,3.6,2.7,2.5,3.3,2.9,2.2,2.5,4,4,1.6,3.1,2.5,2.6,3.4,2.6,1.8,3,4.3,2.7,,,,,,,,,,,,,,,,,,,,,,,,,,,,,,,,,,,,,,,,,28.2,28.1,28.2,28.1,28.3,28.2,28.1,28.2,28.2,28.2,28.3,28.2,28.4,28.1,28.2,28.1,28.2,28.1,28.1,28.1,28.2,28.2,28.2,28.2,28.1,28.2,28.1,28.1,28.3,28.3,28.2,83,84,83,83,85,83,83,83,84,83,84,81,83,82,85,83,85,84,83,84,83,83,84,82,83,85,83,84,84,83,83,0.4,0.2,0.3,0.2,0.3,0.2,0.2,0.7,0,0.7,0.5,0.3,0.8,0.3,0.3,0,0.2,0.9,0.2,0.4,0.1,0.4,0.6,0,0,0.7,0.2,0.8,0.5,0,0.3,15.9,16.3,15.5,15.2,17.6,15,15.7,16.5,19.6,16.2,16.9,16.5,17.6,14.9,16.2,13.8,15.3,13.7,16.8,16.1,15.6,15.7,12.2,12.7,17.7,17.3,17.1,14.3,14.7,17.7,16.5,20.5,20.5,20.5,19.1,22.7,19.8,19.8,20.9,24.8,20.5,22,21.2,23,19.4,20.2,17.3,19.1,17.3,20.2,21.2,19.1,19.8,16.6,17.3,22.3,21.6,21.2,17.6,19.1,22.7,20.9,,,,,,22.2204,114.2127
2026-09-30T07:00,27.8,27.6,27.9,27.8,28.2,27.6,28.5,27.2,28.2,27.2,28.2,27.2,27.9,28.3,28,27.4,28.2,28.2,28,28.4,28.3,27.5,26.9,28.3,27.9,27.5,27.6,27.8,27.2,28.6,27.7,27.8,27.8,28,27.7,28.4,28.3,27.1,28.6,28,95,94,91,94,94,92,90,95,92,95,87,93,95,89,92,90,94,88,91,86,93,92,91,88,93,94,93,88,93,91,90,95,90,89,92,90,88,91,93,89,0.1,0,0,0,0,0,0,0,0,0,0,0,0,0,0,0,0,0,0,0,0,0,0,0,0,0,0,0,0,0,0,0,0,0,0,0.2,0,0,0,0,3.6,3,2.9,3.2,2.8,1.8,2.5,3,2.6,3.1,1.4,3.7,2.7,0.5,3.7,2.2,2.7,2,0.7,2.5,2.2,3.3,3.1,2.4,3.3,3.1,2.2,2.5,3.6,4,1.3,2.8,2.2,2.6,3.2,2.7,2.2,2.5,4,2.5,,,,,,,,,,,,,,,,,,,,,,,,,,,,,,,,,,,,,,,,,28.3,28.3,28.4,28.2,28.4,28.4,28.2,28.3,28.4,28.3,28.4,28.3,28.5,28.2,28.4,28.3,28.3,28.3,28.2,28.3,28.3,28.3,28.3,28.3,28.3,28.4,28.3,28.3,28.4,28.4,28.3,82,83,82,82,84,82,82,82,83,83,83,80,82,81,84,82,84,84,82,83,82,82,82,81,82,84,82,83,84,83,83,0.4,0.2,0.3,0.2,0.3,0.2,0.2,0.7,0,0.7,0.5,0.3,0.8,0.3,0.3,0,0.2,0.9,0.2,0.4,0.1,0.4,0.6,0,0,0.7,0.2,0.8,0.5,0,0.3,16.1,16.7,15.1,16.1,17.3,15.4,16.7,17.5,19.2,16.3,17.4,16.7,16.8,13.9,15.9,15.4,14.9,13.8,17.4,16.2,16.3,15.8,13.4,13.7,17.8,16.4,17.9,15.3,15.5,17.8,17.8,20.5,20.9,19.4,19.8,21.6,19.8,20.9,21.6,24.1,20.5,22.3,21.2,22,17.6,19.4,18.7,18,17.3,21.2,20.5,19.8,19.4,16.9,18,22.3,20.5,22.3,18.7,19.8,21.6,22,,,,,,22.2204,114.2127
2026-09-30T08:00,28.6,28.7,28.8,29.1,29,28.9,29.2,28.8,29.4,28.9,28.9,28.6,29.2,29.1,29,28.5,29.2,29,29.1,29,29.2,28.9,28.4,28.6,29.1,28.7,28.8,28.8,28.4,29.3,29,28.9,28.9,28.9,29.1,29.2,29.3,28.5,29.6,29,86,86,86,88,86,87,88,87,84,85,85,86,87,84,86,86,86,86,87,83,85,85,86,85,86,88,89,86,86,88,85,87,85,85,86,84,84,85,86,84,0,0,0,0,0,0,0,0,0,0,0,0,0,0,0,0,0,0,0,0,0,0,0,0.1,0,0,0,0,0,0,0,0,0,0,0,0,0,0,0,0,3.7,4.3,3,4.6,4.7,1.4,2.3,5.1,3.3,3.8,2.5,5.1,4.9,2.3,6.6,2.2,4,2.2,1.1,1.8,4.3,3.3,2.5,3.2,3.8,4.5,2.2,1.4,4.2,4,1.8,3.3,2.5,2.6,3.6,3.6,3.6,3.6,5.4,3.4,,,,,,,,,,,,,,,,,,,,,,,,,,,,,,,,,,,,,,,,,28.6,28.5,28.6,28.4,28.6,28.6,28.5,28.5,28.6,28.5,28.6,28.5,28.7,28.4,28.6,28.5,28.5,28.5,28.4,28.6,28.5,28.5,28.5,28.6,28.6,28.7,28.5,28.5,28.6,28.6,28.5,81,82,81,81,83,81,81,80,82,81,81,79,80,80,83,81,83,82,81,81,81,80,81,80,81,82,81,81,82,82,82,0.4,0.2,0.3,0.2,0.3,0.2,0.2,0.7,0,0.7,0.5,0.3,0.8,0.3,0.3,0,0.2,0.9,0.2,0.4,0.1,0.4,0.6,0,0,0.7,0.2,0.8,0.5,0,0.3,16.3,17.3,15,16.5,16.8,15.5,17.4,18.2,18.7,16.7,18.1,16.6,16.3,13.1,15.8,16.4,14.8,13.8,18.3,16.5,16.6,15.7,13.9,14.2,17.7,16.1,18.8,16.4,15.7,17.7,18.7,20.2,20.9,18.4,19.8,20.2,19.4,20.9,22,23,20.2,22.3,20.5,20.9,15.8,18.7,19.4,17.6,17.3,21.6,19.8,19.8,19.1,16.9,18,22,19.8,22.7,19.4,19.8,20.5,22,,,,,,22.2204,114.2127
2026-09-30T09:00,29.6,29.5,29.8,29.8,30,29.9,30.1,29.6,30.2,29.7,29.9,29.5,30.1,29.9,29.8,29.4,29.9,29.8,30.1,29.9,29.9,29.8,29.3,29.3,30.1,29.6,29.8,29.8,29.3,30,29.9,30,30,29.8,30,30,30.1,29.4,30.3,29.7,80,80,80,82,80,79,80,81,79,80,79,80,81,79,81,79,82,80,80,77,81,79,81,80,79,82,80,80,80,82,78,80,78,79,80,79,79,80,83,81,0,0,0,0,0,0,0,0,0,0,0,0,0,0,0,0,0,0,0,0,0,0,0,0,0,0,0,0,0,0,0,0,0,0,0,0,0,0,0,0,4.3,4.8,2.9,4.8,4.7,2.6,3.5,5.9,3.6,4,2.5,5.8,6,2.9,7.4,3.5,5.4,2.5,1.8,3.4,4.7,4.3,4,4.1,3.8,5.2,3.3,1.8,5.6,5.4,2.5,3.6,3.5,3.8,4.4,3.7,4,4.6,6.5,3.9,,,,,,,,,,,,,,,,,,,,,,,,,,,,,,,,,,,,,,,,,29,28.8,29,28.9,29,29,28.9,28.9,29,28.9,29,28.9,29.1,28.9,29,28.9,28.8,28.9,28.7,29,28.8,28.9,28.9,29,29,29,28.9,28.9,29,28.9,28.8,79,80,79,79,81,79,79,78,80,78,79,77,78,78,81,79,81,80,80,78,79,78,79,78,79,80,79,79,79,80,80,0,0,0,0.1,0.2,0,0,0.1,0,0.1,0.2,0,0.1,0,0,0,0,0,0.1,0,0,0,0,0,0,0,0,0,0,0.2,0,16.3,17.9,14.7,15.7,16.5,15.6,17.4,17.8,17.9,16.3,18.6,16.2,15.9,12.4,15.9,16.8,15.3,13.8,18.1,16.5,16.4,15.8,14,14.4,17.2,16.6,18.7,16.7,15.7,17.8,18.2,19.4,20.9,17.3,18.4,18.7,18.7,20.2,20.9,21.6,18.7,22,19.4,19.4,14,18,19.1,17.6,16.6,20.9,18.7,18.7,18.4,16.6,16.9,20.5,19.4,22,19.4,18.7,19.8,20.5,,,,,,22.2204,114.2127
2026-09-30T10:00,30.6,30.5,30.8,30.7,31.1,31,31,30.5,31.2,30.8,30.9,30.7,31,30.9,30.8,30.4,30.8,30.7,31,30.9,30.8,30.8,30.3,30.2,31.2,30.6,30.9,30.9,30.4,30.9,31,31.2,31,30.9,31,30.9,31.1,30.4,31.1,30.5,75,74,74,77,73,73,75,76,74,73,73,74,75,73,75,74,76,75,74,73,75,73,76,76,73,76,74,73,74,77,72,72,73,73,74,74,74,74,78,76,0.1,0.1,0.1,0,0,0,0,0.1,0,0.1,0.1,0,0,0,0,0,0,0,0,0,0,0,0,0,0,0,0,0,0,0,0,0,0,0,0,0,0,0,0,0,4.4,5.4,3.3,4.7,5.1,3.8,4.2,6.1,3.6,4.8,3,6.3,7.1,3.3,8.7,4,6.2,2.9,2.4,3.5,5.1,4.7,4.4,4.5,3.9,5.4,3.9,2.2,5.9,5.8,2.5,4,4.2,4,5.2,4.4,4.7,5.4,7.2,4.3,,,,,,,,,,,,,,,,,,,,,,,,,,,,,,,,,,,,,,,,,29.4,29.3,29.6,29.4,29.5,29.4,29.3,29.4,29.4,29.5,29.5,29.4,29.6,29.5,29.4,29.3,29.3,29.4,29.1,29.5,29.3,29.3,29.4,29.4,29.4,29.4,29.3,29.2,29.6,29.4,29.3,77,78,76,75,78,78,76,76,77,75,78,74,75,74,78,76,79,76,78,75,77,76,76,75,77,78,78,78,76,78,78,0,0,0,0.1,0.2,0,0,0.1,0,0.1,0.2,0,0.1,0,0,0,0,0,0.1,0,0,0,0,0,0,0,0,0,0,0.2,0,16.5,18.7,15,14.7,15.8,16.2,16.6,16.9,16.8,15.4,19,15.9,15.7,11.9,16.2,16.4,16,14.1,17.9,16.2,16,16.1,14.2,14.3,16.8,17.7,18.3,17,15.1,17.8,17.4,18.7,20.9,16.2,15.8,17.3,18,18.7,18.7,19.4,16.9,21.6,18,17.6,12.6,17.6,18,18,15.8,19.8,17.6,17.6,17.6,15.8,15.5,18.7,19.8,20.9,19.4,17.3,19.4,18.4,,,,,,22.2204,114.2127
2026-09-30T11:00,31.6,31.4,31.9,31.8,32.2,32,31.8,31.2,32.2,31.7,31.9,31.7,32.1,31.9,31.8,31.4,31.8,31.7,32,31.9,31.9,32,31.3,30.8,32.4,31.7,31.8,32,31.5,31.9,32.1,32.2,32,32,32,32,32.1,31.5,32,31.4,69,69,69,71,67,67,70,73,68,68,67,69,69,68,70,69,70,70,70,67,69,67,72,73,67,70,70,67,68,71,66,66,66,67,68,68,68,68,73,71,0.1,0,0,0,0,0.1,0.1,0.1,0,0.2,0.1,0.1,0,0.1,0,0.1,0,0.2,0,0.1,0,0,0,0.1,0,0,0.1,0.1,0,0,0,0.1,0.1,0,0.2,0,0,0,0,0,4.2,6.1,4.1,4.5,5.2,3.9,5.6,7.4,4.5,5.2,3.5,6.6,7.4,3.9,9.2,4.6,7.3,3.3,3.1,6.3,4.7,6,4,4.6,3.4,5.1,4.6,2.2,5.7,6.1,2.5,4,6.4,5.4,6.3,5.7,5.6,6.6,6.8,5.3,,,,,,,,,,,,,,,,,,,,,,,,,,,,,,,,,,,,,,,,,29.8,29.6,30,29.9,29.9,29.8,29.7,29.8,29.8,29.9,29.9,29.8,30,30,29.8,29.7,29.7,29.9,29.4,29.9,29.6,29.7,29.8,29.8,29.8,29.8,29.7,29.6,30,29.7,29.7,75,76,74,73,76,76,74,74,75,73,76,72,73,72,76,74,77,74,77,73,75,75,74,73,75,76,76,76,74,76,76,0,0,0,0.1,0.2,0,0,0.1,0,0.1,0.2,0,0.1,0,0,0,0,0,0.1,0,0,0,0,0,0,0,0,0,0,0.2,0,16.9,18.8,15.2,13.9,15.8,16.3,16.1,16.2,16.2,15,19.4,15.8,15.7,12,16.3,16.6,16.7,14.3,17.6,16,15.8,16.1,14.3,14.3,16.2,18.4,18.2,17.3,15,17.9,16.5,18,20.5,15.5,14.4,16.6,17.6,17.3,17.3,18,15.8,21.2,16.9,16.9,11.9,17.3,17.3,18.4,15.1,19.1,16.9,16.6,17.3,15.5,14.8,17.3,19.8,19.8,19.1,16.2,19.1,16.9,,,,,,22.2204,114.2127
2026-09-30T12:00,32.4,31.9,32.7,32.9,33.2,33,32.4,31.7,33.1,32.3,32.7,32.4,32.9,32.7,32.7,32,32.6,32.3,32.8,32.8,32.7,32.9,32.4,31.6,33.3,32.7,32.7,32.9,32.5,32.7,32.9,33.2,32.7,32.9,32.8,32.8,33,32.2,32.9,32.2,66,67,64,65,61,62,67,70,63,66,63,65,66,64,65,66,66,66,67,62,64,62,66,69,62,64,65,63,63,66,62,61,63,62,64,65,63,64,67,67,0.2,0,0.1,0,0,0.1,0.1,0.2,0,0.1,0.1,0.1,0,0.1,0,0.1,0,0.2,0,0,0,0,0,0.1,0,0,0,0.2,0,0,0,0,0.1,0,0.1,0,0,0,0,0,4.4,6.6,5.7,4.7,5.6,6,7.1,8.9,4.8,6.7,4.8,6.5,7.9,5.9,9.8,6.1,7.2,4.9,5.6,7.5,4.7,6.8,5.5,5.9,3,4.3,7.2,3.3,5.9,6.6,2.9,5.1,7.4,6.4,6.7,6.2,5.8,8.2,6.6,6.1,,,,,,,,,,,,,,,,,,,,,,,,,,,,,,,,,,,,,,,,,30,29.9,30.2,30.1,30.1,30.1,30,30.1,30,30.1,30.2,30.1,30.2,30.3,30.1,29.9,29.9,30.2,29.7,30.2,29.8,29.9,30,30,30.2,30,29.9,29.8,30.3,30,30,74,75,73,72,75,75,73,73,73,72,75,71,73,71,75,73,76,72,76,72,74,74,73,72,73,75,75,75,73,75,75,0,0,0,0,0,0.1,0,0,0,0,0.2,0,0,0,0,0,0.1,0,0,0.1,0,0,0,0,0,0,0.1,0,0,0,0,17.2,18.5,15.9,14.3,16.4,16.9,15.5,16.6,16.3,15.5,19.5,16.3,16.6,13.1,16.6,17.3,17.7,14.2,17.6,16,16.1,16.3,15.7,15.1,15.8,19,18.1,17.2,15.5,18.2,16.6,18,19.4,15.5,14.4,16.9,17.6,16.2,16.9,17.3,15.5,21.2,16.9,17.6,12.6,16.9,17.6,18.7,14.4,18.7,16.6,16.6,17.3,16.6,15.1,16.2,20.2,19.1,18.7,16.2,19.1,16.2,,,,,,22.2204,114.2127
2026-09-30T13:00,32.8,32.3,33.2,33.6,33.8,33.7,32.8,32.2,33.7,32.7,33.4,32.9,33.4,33.1,33.2,32.6,33.2,32.7,33.1,33.2,33.4,33.6,33.2,31.9,34,33.4,33.1,33.4,33.1,33.3,33.6,33.8,33,33.5,33.2,33.4,33.5,32.4,33.6,32.8,63,65,61,62,58,58,65,66,59,64,59,63,63,62,62,64,64,65,65,60,62,58,61,68,59,61,63,60,60,62,58,58,63,59,61,61,62,64,63,63,0.2,0.1,0,0,0,0,0.1,0.1,0,0.1,0,0.1,0,0.1,0,0,0,0.2,0,0.1,0,0,0,0.1,0,0,0,0.2,0,0,0,0,0.1,0,0.1,0.1,0,0,0,0,4.6,7.9,6.4,5.9,6.9,6.9,8.5,10.2,5.6,7.9,6.4,7.1,8.7,7.7,10.5,7.5,8.2,6.1,8.4,7.9,5.6,7.9,6.6,7.2,4,4.1,8.9,4.2,7,6.8,4.3,6.6,8.3,7.6,7.1,7.1,6.4,8.9,6.7,7.1,,,,,,,,,,,,,,,,,,,,,,,,,,,,,,,,,,,,,,,,,30.2,30.1,30.4,30.3,30.3,30.3,30.3,30.3,30.2,30.3,30.4,30.3,30.2,30.4,30.2,30,30.1,30.4,29.9,30.4,29.9,30.1,30,30.2,30.5,30.1,30,30.1,30.4,30.1,30.2,74,74,73,71,75,74,72,73,72,71,73,70,73,70,74,73,75,71,74,72,74,74,73,72,72,74,74,73,73,75,74,0,0,0,0,0,0.1,0,0,0,0,0.2,0,0,0,0,0,0.1,0,0,0.1,0,0,0,0,0,0,0.1,0,0,0,0,17.7,17.7,16.6,15.8,18.3,17.9,15,17.4,16.7,16.6,19.7,17.3,18.4,14.8,17.2,18.4,18.7,14.2,17.6,16.2,17.1,16.6,17.6,16.6,15.6,19.4,17.9,17.9,16.6,19,16.8,18,18,15.8,15.1,18,18,15.1,17.6,17.3,15.8,21.2,17.3,18.7,14,16.9,18,19.1,13.7,18.4,16.6,17.3,17.3,18,15.8,15.5,20.2,18.4,18,16.9,19.1,15.8,,,,,,22.2204,114.2127
2026-09-30T14:00,33,32.3,33.4,33.8,34.1,34,32.9,32.3,34,33,33.8,32.9,33.6,33.1,33.4,32.8,33.4,32.8,33.2,33.3,33.5,33.8,33.5,32.1,34.2,33.8,33.1,33.5,33.3,33.6,34,33.7,33.1,33.6,33.5,33.6,33.8,32.4,33.8,33.2,62,65,60,60,55,57,64,66,58,62,58,62,61,62,61,63,62,63,64,61,62,57,59,66,58,60,63,60,59,61,56,58,61,58,60,61,60,63,62,61,0.2,0.1,0.1,0,0,0,0,0.1,0,0.1,0,0.1,0,0.1,0,0.1,0,0.1,0,0.1,0,0,0,0.1,0,0,0.1,0.1,0,0,0,0.1,0.1,0,0.1,0,0,0.1,0,0,6,8.9,7.3,7.7,8.1,8.3,9.6,11.3,7.4,8.9,7.5,8.2,9.7,9,11,8,8.9,7.9,10.4,8.9,7.7,8.9,7.9,8.2,6.5,5.5,10.5,5.7,8.9,8.4,6.3,7.4,9.1,9.5,7.7,7.9,7.1,9.7,8.5,8.8,,,,,,,,,,,,,,,,,,,,,,,,,,,,,,,,,,,,,,,,,30.2,30.2,30.4,30.3,30.3,30.3,30.4,30.3,30.3,30.3,30.4,30.3,30.2,30.4,30.2,30,30.1,30.4,29.9,30.5,29.9,30.1,30,30.2,30.6,30.1,30.1,30.1,30.5,30.1,30.3,74,74,73,71,75,74,72,74,72,72,73,70,74,71,74,73,75,71,74,72,74,74,74,72,72,74,74,73,74,75,74,0,0,0,0,0,0.1,0,0,0,0,0.2,0,0,0,0,0,0.1,0,0,0.1,0,0,0,0,0,0,0.1,0,0,0,0,18.4,17.4,17.1,16.8,19.6,18.8,15.3,18.4,17.7,17.6,20.2,18.3,19.6,16.6,17.7,19.1,19.5,14.7,17.9,16.8,18.1,17.1,19.2,17.8,15.9,19.6,18.3,17.9,17.8,19.6,17.6,18.4,17.3,16.2,15.8,19.1,18.4,14.8,18,17.6,16.6,21.2,18,19.8,15.5,16.9,18.7,19.4,14,18.4,16.9,18,17.6,19.1,16.9,15.5,20.5,18,18,18,19.4,16.2,,,,,,22.2204,114.2127
2026-09-30T15:00,32.7,32.2,33.2,33.7,34.1,33.9,32.7,32.2,33.9,32.8,33.2,32.8,33.3,32.9,33.2,32.7,33.4,32.7,32.9,33,33.2,33.6,33.4,32.1,34.1,33.7,32.7,33.4,33,33.5,33.7,33.5,33,33.4,33.3,33.4,33.6,32.2,33.8,33,63,65,60,61,55,57,65,67,58,62,60,63,62,63,62,63,62,64,65,62,63,58,60,66,59,60,65,60,60,60,58,59,62,59,60,61,61,65,61,61,0.1,0,0,0,0,0,0,0.2,0,0.1,0,0,0,0.1,0,0.1,0,0.1,0,0.1,0,0,0,0.1,0,0,0,0.1,0,0,0,0,0,0,0.1,0.1,0,0.1,0,0,7.3,9.6,8.4,9.2,8.9,9.3,10.4,11.4,8.7,9.2,8.4,8.9,10.8,9.3,11.5,8.3,10,9,11.6,10.1,10,10.1,9.7,8.7,8.6,7.8,11.1,6.3,10.8,9.7,8.4,7.5,9.9,10.5,8.4,8.2,8.4,10.8,10.2,10.2,,,,,,,,,,,,,,,,,,,,,,,,,,,,,,,,,,,,,,,,,30,30.2,30.2,30.2,30.1,30.1,30.3,30.1,30.1,30.1,30.2,30.1,30,30.2,30,29.9,29.9,30.3,29.8,30.3,29.7,29.9,29.8,30,30.4,30,29.9,30,30.3,29.9,30.2,75,74,74,72,76,75,73,76,73,74,74,71,75,73,75,74,76,72,75,73,75,75,75,73,73,75,75,73,75,76,75,0,0,0,0,0,0,0,0.2,0,0,0,0,0,0,0,0,0,0,0,0,0,0,0,0,0,0,0,0,0,0,0,18.6,17.1,17.6,17.3,19.9,18.9,15.8,18.6,18.7,18.1,20.4,18.9,19.9,17.6,18.6,19.5,19.3,15.8,18.3,17.1,18.9,18.1,19.6,18.6,16.6,19.1,18.9,18.1,18.6,19.4,17.8,19.1,17.3,16.6,16.6,19.4,18.7,15.8,18.4,18.7,17.6,21.2,18.7,20.2,17.3,17.6,19.1,19.4,15.5,18.7,17.3,19.1,18.7,19.8,17.6,16.2,20.2,18.7,18.4,19.4,19.4,16.9,,,,,,22.2204,114.2127
2026-09-30T16:00,32.3,32,32.8,33.1,33.7,33.3,32.3,31.8,33.5,32.3,32.8,32.3,32.7,32.5,32.6,32.3,33,32.5,32.4,32.4,32.6,32.9,32.7,31.8,33.5,33.1,32.4,32.9,32.3,33,32.8,33.1,32.5,32.7,33,32.9,33.2,31.8,33.2,32.5,65,66,62,64,57,60,66,68,60,65,62,65,66,65,66,65,64,65,68,65,66,62,64,68,61,63,67,63,64,63,64,61,64,63,62,63,63,67,63,65,0.1,0,0.1,0,0,0,0,0.2,0,0.1,0,0,0,0.1,0,0,0,0,0,0,0,0,0,0.1,0,0,0,0.1,0,0,0,0.1,0,0,0,0.1,0,0,0,0,8,9.5,8.7,10.2,9.5,10.5,10.2,11.1,9.2,9.3,8.4,9.3,11.3,9.9,11.8,8,10.9,9.1,11.6,11.1,11.7,10.5,8.9,8.8,9.7,10,9.6,7.3,11.7,10.2,10.3,7,9.8,10.8,8.5,8.5,9.5,10.7,11.4,11.7,,,,,,,,,,,,,,,,,,,,,,,,,,,,,,,,,,,,,,,,,29.7,30,30,29.9,29.8,29.7,30,29.7,29.8,29.7,29.9,29.7,29.7,29.7,29.7,29.7,29.6,29.9,29.5,30,29.4,29.6,29.5,29.8,30.1,29.7,29.7,29.7,29.9,29.6,29.8,77,75,75,73,77,77,74,78,75,77,76,73,77,76,77,75,77,75,77,74,77,77,77,75,75,76,76,75,77,78,77,0,0,0,0,0,0,0,0.2,0,0,0,0,0,0,0,0,0,0,0,0,0,0,0,0,0,0,0,0,0,0,0,18.7,17.2,17.4,17.4,19.2,19,16.9,18.4,19.9,18.3,20.6,19.2,19.4,18.7,19.4,19.1,18.7,17.8,18.9,17.5,19.8,19.4,19.2,19.1,17.8,18.7,19.4,18.6,19.5,18.9,18,19.8,17.3,17.3,17.6,19.8,19.4,17.3,19.1,19.8,18.7,21.2,19.8,20.2,19.1,19.1,19.4,19.4,18,19.4,18,20.9,20.2,20.2,18.7,17.6,20.2,20.2,19.4,20.9,19.4,18.4,,,,,,22.2204,114.2127
2026-09-30T17:00,31.9,31.3,31.9,32.1,32.8,32.2,31.7,31.2,32.7,31.6,32,31.6,31.7,31.9,31.6,31.6,32.1,31.8,31.6,31.4,31.6,31.9,31.6,31.2,32.6,32.1,31.6,31.4,30.9,32.1,31.6,32.6,31.6,31.7,32.2,32.2,32.3,30.8,32.3,31.6,67,70,67,68,63,67,69,71,64,69,67,69,71,68,70,68,68,68,71,70,71,67,70,71,66,68,70,70,72,68,69,63,68,68,66,67,67,72,68,68,0,0,0.1,0,0,0,0,0.1,0,0,0,0,0,0,0,0,0,0,0,0,0,0,0,0,0,0,0,0.4,0,0,0,0,0,0,0,0,0,0,0,0,8.4,9.2,9,10,9.4,8.7,7.6,10.8,10.2,8.9,8.6,8.4,12.4,9.6,10.5,6.9,10,9.5,9.7,9.1,11.5,9.4,8.8,8.1,10.7,10.5,8.4,7.9,12.2,9.7,8.4,6.3,8.3,8.8,8,8.2,8.9,9.5,12.6,11.4,,,,,,,,,,,,,,,,,,,,,,,,,,,,,,,,,,,,,,,,,29.3,29.7,29.7,29.6,29.4,29.4,29.7,29.3,29.5,29.3,29.5,29.4,29.4,29.3,29.4,29.5,29.3,29.6,29.2,29.7,29.1,29.3,29.3,29.5,29.8,29.4,29.4,29.4,29.6,29.3,29.5,79,76,77,75,79,79,76,80,77,79,78,75,78,78,79,77,79,77,79,76,78,79,78,77,77,78,78,76,79,79,79,0,0,0,0,0,0,0,0.2,0,0,0,0,0,0,0,0,0,0,0,0,0,0,0,0,0,0,0,0,0,0,0,18.9,17.6,17.2,17.6,18.7,19.2,17.7,18.6,20.7,18.5,20.4,19.4,19,19.2,19.6,19.1,18.5,18.8,19.5,17.7,20.4,20.2,19,19.4,18.5,18.7,19.9,18.9,19.8,18.6,18.4,20.5,18,17.6,18.7,19.8,20.2,18.7,19.8,21.2,19.8,21.6,20.9,20.2,20.5,19.8,19.8,19.8,19.8,20.5,18.7,22,21.2,20.5,19.8,19.1,20.2,21.2,20.2,22,19.8,19.4,,,,,,22.2204,114.2127
2026-09-30T18:00,30.7,30.3,30.6,30.8,31.2,30.7,30.6,30.2,31.4,30.4,30.7,30.3,30.3,30.9,30.2,30.5,30.7,30.6,30.5,30.2,30.4,30.5,30.2,30.4,31.2,30.4,30.4,30.3,29.5,30.9,30.4,31.5,30.3,30.4,30.8,31.1,30.9,29.4,30.9,30.5,74,75,74,75,72,75,74,77,72,76,74,77,78,74,77,74,75,75,77,76,77,74,77,75,74,77,77,77,79,75,76,69,74,75,74,74,73,80,75,73,0,0,0,0,0,0,0,0,0,0,0,0,0,0,0,0,0,0,0,0,0,0,0,0,0,0,0,0,0,0,0,0,0,0,0,0,0,0,0,0,7.4,8.4,7.9,8.6,8.3,6.6,6.2,9.4,8.6,7.2,6.1,7.1,10.5,8.5,8.8,5.8,8.6,7.4,7.9,6.5,9.8,7.6,6.8,5.9,9.6,9.6,6.8,4.8,10.8,7.7,5.4,5.5,6.1,6.8,6.6,7.9,6.9,7.9,10.9,8.6,,,,,,,,,,,,,,,,,,,,,,,,,,,,,,,,,,,,,,,,,29,29.4,29.3,29.3,29.1,29.1,29.3,29.1,29.2,29,29.2,29.1,29.1,29.1,29.1,29.1,29,29.2,28.9,29.4,28.9,29,29,29.1,29.5,29.1,29.1,29.1,29.3,29.1,29.1,80,78,79,77,80,81,78,81,79,81,80,77,80,79,80,79,80,79,80,78,79,81,79,79,79,80,79,78,81,80,81,0.2,0.4,0.1,0.4,0.1,0.2,0.2,0.3,0,0.2,0.3,0.1,0.2,0.1,0.1,0,0.1,0.1,0.1,0.2,0,0.1,0,0.1,0.3,0.1,0.1,0.1,0.2,0.2,0.2,18.6,17.9,16.4,18.1,18.2,19.4,17.7,18.9,20.9,18.8,20.1,19.5,18.8,19,19.1,19.1,18.4,19.1,19.7,18.5,20.3,20.2,18.4,19.9,18.3,19.2,19.9,19.2,19.7,18.5,18.6,20.9,19.1,17.6,19.8,19.8,21.2,19.8,20.9,22.3,20.5,22,21.6,20.9,21.2,20.2,20.5,20.5,20.5,21.6,20.2,22.7,22.3,20.9,20.9,19.8,21.2,22,20.9,22.3,20.5,20.5,,,,,,22.2204,114.2127
2026-09-30T19:00,29.7,29.4,29.6,29.8,30.1,29.6,29.6,29.3,30.4,29.4,29.7,29.2,29.3,30.1,29.2,29.4,29.7,29.8,29.7,29.3,29.5,29.5,29.1,29.6,30.2,29.3,29.3,29.4,28.5,29.9,29.6,30.3,29.2,29.3,29.6,30.1,30,28.4,29.9,29.6,81,82,81,80,79,82,80,83,78,82,80,83,82,79,82,80,79,79,82,81,82,78,82,80,79,82,82,84,82,81,80,77,81,81,81,80,78,85,80,76,0,0,0,0,0,0,0,0,0,0,0,0,0,0,0,0,0,0,0,0,0,0,0,0,0,0,0,0,0,0,0,0,0,0,0,0,0,0,0,0,5.9,6.8,6.2,6.8,6.6,5.2,5.2,8.1,6.9,5.5,5.1,6.2,8.1,4.7,6.9,4.7,6.9,4.8,5.8,4.7,7.2,6.2,5.8,4.7,7.3,7,5.4,4.2,8.9,5.7,4.3,4.7,4.8,5.1,4.7,6.2,5.1,6.2,8,5.5,,,,,,,,,,,,,,,,,,,,,,,,,,,,,,,,,,,,,,,,,28.7,29.1,28.9,28.9,28.8,28.9,28.9,28.8,28.8,28.7,28.8,28.8,28.8,28.9,28.8,28.7,28.6,28.8,28.6,29.1,28.7,28.7,28.8,28.8,29.1,28.8,28.7,28.8,28.9,28.9,28.7,81,80,81,79,82,82,80,82,81,82,82,79,81,80,81,81,82,81,81,80,80,82,80,80,80,82,81,80,82,81,83,0.2,0.4,0.1,0.4,0.1,0.2,0.2,0.3,0,0.2,0.3,0.1,0.2,0.1,0.1,0,0.1,0.1,0.1,0.2,0,0.1,0,0.1,0.3,0.1,0.1,0.1,0.2,0.2,0.2,18.2,18.2,15.1,18.8,17.7,19.2,17.7,19.4,20.4,18.7,19.9,19.3,19,18.8,18.1,19.2,18.4,18.6,19.7,19.1,19.7,19.9,17.7,19.9,17.4,19.7,19.9,19.2,18.9,18.8,19,20.9,20.5,17.6,20.9,20.2,22.3,20.5,22,23,21.2,22.3,22.3,21.6,21.6,20.2,21.2,21.2,20.9,23,22,22.7,23,21.2,22.3,20.5,23,22.3,22,22.7,22,21.6,,,,,,22.2204,114.2127
2026-09-30T20:00,29.1,28.9,29,29.1,29.5,28.9,29,28.8,29.8,28.9,29.2,28.6,28.8,29.7,28.6,28.7,29.1,29.3,29.2,28.7,29,28.8,28.5,29.1,29.6,28.7,28.7,28.9,27.9,29.3,29.1,29.6,28.5,28.7,28.9,29.5,29.4,27.9,29.4,29,85,86,85,83,82,85,84,86,81,86,84,86,84,82,85,82,82,81,84,84,84,81,84,84,82,85,85,87,83,84,82,82,85,85,85,84,80,87,83,79,0,0,0,0,0,0,0,0,0,0,0,0,0,0,0,0,0,0,0,0,0,0,0,0,0,0,0,0,0,0,0,0,0,0,0,0,0,0,0,0,4.7,5.8,5.2,6.3,5.9,4.6,4.4,6.6,5.8,4.8,4.5,5.7,7.1,3.6,5.9,4,5.5,3.6,5.2,4.3,6.6,5.5,5.1,4,5.9,5.4,4.7,3.9,7.9,5.4,4,4.3,4.5,4,3.7,5.4,4,5.1,6.8,4.3,,,,,,,,,,,,,,,,,,,,,,,,,,,,,,,,,,,,,,,,,28.5,28.8,28.7,28.6,28.6,28.7,28.6,28.6,28.5,28.5,28.6,28.5,28.6,28.7,28.5,28.4,28.4,28.6,28.4,28.8,28.5,28.4,28.6,28.5,28.8,28.6,28.5,28.5,28.7,28.7,28.4,82,81,82,81,83,83,81,83,82,83,84,81,82,80,82,82,83,82,82,81,81,83,81,81,81,83,82,82,83,82,84,0.2,0.4,0.1,0.4,0.1,0.2,0.2,0.3,0,0.2,0.3,0.1,0.2,0.1,0.1,0,0.1,0.1,0.1,0.2,0,0.1,0,0.1,0.3,0.1,0.1,0.1,0.2,0.2,0.2,17.9,18,14.5,18.7,17.1,19,17.5,19.6,20.1,18.8,19.3,19.2,18.9,18.3,17.6,19.2,18.6,18.3,20,19.7,19.1,19.6,17.4,19.9,17.1,20.2,19.4,19.1,18.6,19.1,19.2,21.2,21.2,17.6,21.6,20.2,23,20.9,23,23.8,22,22.7,22.7,22.3,22,20.2,22,22,20.9,23.8,23.4,22.7,23.8,21.2,23,20.9,24.1,22.3,22.3,22.7,22.7,22.3,,,,,,22.2204,114.2127
2026-09-30T21:00,28.8,28.6,28.6,28.8,29.1,28.5,28.6,28.5,29.5,28.5,28.8,28.1,28.5,29.4,28.2,28.3,28.8,29.1,28.9,28.3,28.7,28.4,28.1,28.8,29.3,28.3,28.3,28.6,27.6,29,28.8,29.2,28.1,28.3,28.5,29.1,29,27.5,29,28.6,87,87,86,86,84,88,87,88,83,88,86,88,86,84,86,84,84,82,85,86,85,82,86,86,84,88,87,89,85,85,83,86,88,88,87,86,82,89,85,82,0,0,0,0,0,0,0,0,0,0,0,0,0,0,0,0,0,0,0,0,0,0,0,0,0,0,0,0,0,0,0,0,0,0,0,0,0,0,0,0,4.1,5.3,4.7,6.2,5.7,3.7,3.6,5.5,4.4,4.1,4,4.7,6.8,3.3,5.4,3.2,4.5,3,4.4,3.2,6.3,4.8,4.1,3.2,5.4,4.7,4,3.4,7,5.5,4,3.7,3.6,3.2,3.4,4.6,3.9,4.3,6,3.6,,,,,,,,,,,,,,,,,,,,,,,,,,,,,,,,,,,,,,,,,28.4,28.6,28.6,28.5,28.5,28.6,28.5,28.5,28.3,28.4,28.5,28.4,28.5,28.5,28.4,28.2,28.2,28.5,28.3,28.7,28.4,28.4,28.5,28.3,28.7,28.5,28.4,28.5,28.7,28.6,28.3,82,82,81,81,83,83,81,83,82,83,84,82,82,80,82,82,83,82,82,82,82,83,81,82,81,83,83,82,82,83,84,0.2,0.1,0.7,0.7,0.5,0.2,0.1,0.6,0,0.1,0.4,0.5,0.4,0.5,0.3,0,0.2,0.2,0.2,0.3,0.2,0.4,0.4,0.1,0.3,0,0.1,0.4,0.4,0.5,0.1,18.1,17.9,15.3,18.2,16.8,18.5,17.3,19.6,19.9,18.9,19.1,18.4,19.2,18.2,17.6,19.3,18.8,18.3,20.2,19.9,18.6,19.6,16.9,19.4,17.3,19.6,18.9,18.6,18.6,19.5,18.9,21.6,20.9,18.4,21.6,19.8,22.7,20.9,23.4,23.8,22.3,22.7,22.3,22.7,22.3,20.5,22.3,22,20.9,23.8,23.8,22,24.1,20.9,23,21.2,23.8,22,22,22.7,23,22.3,,,,,,22.2204,114.2127
2026-09-30T22:00,28.6,28.3,28.4,28.6,28.9,28.2,28.2,28.2,29.2,28.3,28.6,27.8,28.3,29.2,28,28,28.6,28.8,28.7,28,28.4,28.1,27.8,28.6,29,28,28,28.4,27.3,28.7,28.6,28.9,27.8,28,28.2,28.9,28.7,27.2,28.8,28.3,88,88,86,87,85,89,88,89,85,89,87,89,87,85,88,85,85,84,87,87,86,84,86,86,86,89,88,90,86,86,84,87,89,89,88,87,83,90,87,84,0,0,0,0,0,0,0,0,0,0,0,0,0,0,0,0,0,0,0,0,0,0,0,0,0,0,0,0,0,0,0,0,0,0,0,0,0,0,0,0,4,4.6,4.4,6,5.3,2.9,3,4.4,3.9,3.7,3.2,4.7,6.3,2.7,4.7,2.9,4,2.4,3.6,2.6,5.5,3.8,3.7,3,4.9,3.9,3.6,2.6,5.8,5.1,3.2,3.4,3.3,2.9,3.7,4.2,3.2,3.7,5.3,3,,,,,,,,,,,,,,,,,,,,,,,,,,,,,,,,,,,,,,,,,28.5,28.6,28.7,28.5,28.5,28.5,28.5,28.5,28.3,28.4,28.4,28.4,28.5,28.3,28.2,28.2,28.2,28.5,28.2,28.5,28.3,28.4,28.5,28.1,28.7,28.4,28.4,28.5,28.7,28.5,28.3,82,82,80,81,83,83,81,83,81,83,84,82,81,81,83,82,83,82,82,82,82,82,82,82,80,83,83,82,81,83,83,0.2,0.1,0.7,0.7,0.5,0.2,0.1,0.6,0,0.1,0.4,0.5,0.4,0.5,0.3,0,0.2,0.2,0.2,0.3,0.2,0.4,0.4,0.1,0.3,0,0.1,0.4,0.4,0.5,0.1,18.4,17.1,16.5,17.4,16.3,18.1,17.3,19.3,19.7,19.1,19.1,18.1,19.4,18.6,18.3,19.9,18.8,18.3,20.2,19.4,17.8,19.6,16.6,19.3,17.8,18.6,18.2,18.4,18.9,19.9,18.7,21.6,20.2,19.8,20.9,19.8,22,20.9,23.4,23.4,22.3,22.7,22,23,22.3,21.2,22.7,22,20.9,23.4,23.8,21.2,24.5,20.2,23,21.6,22.7,21.2,21.6,22.7,23.4,22,,,,,,22.2204,114.2127
2026-09-30T23:00,28.5,28.1,28.2,28.4,28.7,28,28,28,29,28.1,28.4,27.6,28.1,29,27.8,27.8,28.4,28.7,28.5,27.8,28.2,27.9,27.6,28.4,28.9,27.8,27.8,28.4,27.1,28.4,28.4,28.7,27.6,27.9,28,28.7,28.5,27,28.5,28.2,88,89,86,88,86,90,90,90,86,90,87,89,87,85,89,86,85,84,88,88,88,85,86,87,87,91,89,89,88,87,85,88,89,90,88,88,84,91,88,86,0,0,0,0,0,0,0,0,0,0,0,0,0,0,0,0,0,0,0,0,0,0,0,0,0,0,0,0,0,0,0,0,0,0,0,0,0,0,0,0,3.9,3.8,4.3,5.3,4.6,2.3,2.4,3.8,3.6,3.1,2.6,4.6,5.4,2.3,3.8,2.5,4.1,2.1,3.4,2.1,4.5,3.4,3.1,2.9,4.9,3.6,3.1,1.8,5,4.4,2.5,2.9,3,2.6,3.1,3.8,2.7,3.1,4.4,2.4,,,,,,,,,,,,,,,,,,,,,,,,,,,,,,,,,,,,,,,,,28.4,28.5,28.8,28.5,28.5,28.4,28.5,28.4,28.2,28.4,28.4,28.3,28.5,28.2,28.1,28.1,28.1,28.5,28.2,28.4,28.3,28.4,28.5,28,28.7,28.4,28.3,28.5,28.7,28.4,28.3,82,82,79,81,83,83,81,83,81,83,83,82,81,81,83,82,83,82,82,82,82,82,82,82,79,83,83,82,80,83,83,0.2,0.1,0.7,0.7,0.5,0.2,0.1,0.6,0,0.1,0.4,0.5,0.4,0.5,0.3,0,0.2,0.2,0.2,0.3,0.2,0.4,0.4,0.1,0.3,0,0.1,0.4,0.4,0.5,0.1,18.6,16.8,17.3,16.8,16.5,17.5,17.4,19.2,19.4,19.1,18.9,17.9,19.3,18.6,18.4,20.1,18.9,18.3,19.9,19.1,17.3,19.6,16.1,19.2,17.8,17.8,17.9,18.1,19.1,20,18.4,22,19.8,20.5,20.5,19.8,21.6,20.5,23.4,23.4,22.7,22.7,21.6,23.4,22.3,21.6,23,22,21.2,23,23.4,20.5,24.5,19.8,23,22,21.6,20.9,21.2,23,23.4,22,,,,,,22.2204,114.2127
2026-10-01T00:00,28.4,28,28,28.2,28.6,28,27.8,27.7,28.9,28,28.4,27.5,27.9,28.9,27.6,27.6,28.3,28.6,28.3,27.6,28,27.7,27.4,28.2,28.7,27.6,27.7,28.3,26.9,28.3,28.3,28.5,27.5,27.9,28,28.5,28.4,27,28.4,28,89,90,87,89,87,90,91,92,86,90,86,90,88,85,90,87,85,84,89,89,89,86,87,86,87,91,89,89,90,87,84,89,89,89,87,88,84,91,89,87,0,0,0,0,0,0,0,0,0,0,0,0,0,0,0,0,0,0,0,0,0,0,0,0,0,0,0,0,0,0,0,0,0,0,0,0,0,0,0,0,3.8,3.6,4.1,5.1,3.8,1.9,2.1,3.2,3.8,2.8,2.3,4.3,4.8,2.3,3.4,2.2,4.3,1.8,3.1,2,4.2,3.6,2.6,2.8,4.7,3.3,2.4,1.8,4.4,4.2,2.5,2.8,3.1,2.7,2.5,3.3,2.4,2.9,3.8,2,,,,,,,,,,,,,,,,,,,,,,,,,,,,,,,,,,,,,,,,,28.3,28.5,28.7,28.4,28.4,28.3,28.3,28.3,28.1,28.2,28.3,28.3,28.4,28.2,28,28,28.1,28.4,28.1,28.3,28.2,28.3,28.4,27.9,28.6,28.3,28.2,28.4,28.6,28.3,28.2,82,82,79,81,83,83,81,83,81,83,83,82,81,81,83,82,83,82,82,82,82,82,83,82,80,83,83,82,80,83,83,0.4,0.8,0.4,0.2,0.1,0,0.5,0.2,0,0.1,0.5,0.6,0.2,0.2,0.4,0.1,0.4,0.2,0.3,0.2,0.3,0.1,0.6,0,0,0.4,0.2,0.6,0,1.1,0.3,18.7,16.7,17.3,16.8,17.4,17.3,17.5,19.4,19.5,19.2,19.1,18.2,19.2,18.4,18,20.3,18.3,18.7,19.6,18.8,17.4,19.1,16.3,19.6,17.5,17.7,17.9,17.9,19.6,19.9,18.6,22,19.8,20.9,20.9,20.9,21.6,20.5,23.4,23.4,23,23,22,23.8,22,21.2,23.8,22,22.3,22.7,23,20.5,23.8,19.8,23.8,22,21.2,20.9,21.6,24.1,23,22.3,,,,,,22.2204,114.2127
2026-10-01T01:00,28.3,27.9,27.9,28.1,28.4,27.8,27.6,27.6,28.7,27.9,28.3,27.4,27.8,28.8,27.5,27.5,28.1,28.5,28.2,27.5,27.9,27.5,27.3,28.1,28.7,27.5,27.5,28.2,26.7,28.1,28.2,28.4,27.3,27.8,27.9,28.4,28.3,27.1,28.2,27.8,90,90,87,89,87,90,91,92,87,91,86,90,89,85,91,87,86,84,89,88,90,87,87,86,87,92,90,88,91,87,84,89,89,89,87,89,84,88,90,88,0,0,0,0,0,0,0,0,0,0,0,0,0,0,0,0,0,0,0,0,0,0,0,0,0,0,0,0,0,0,0,0,0,0,0,0,0,0,0,0,3.6,3.7,4.2,5.2,3.9,2.1,1.9,2.7,3.7,2.7,2.3,4,4.9,2.3,3.1,2.3,3.9,1.9,2.8,2.1,3.8,3.6,2.5,2.3,4.9,3.5,2.1,1.6,4.6,4,2.3,2.3,2.9,2.6,2.3,3.4,2,2.8,4.2,2.1,,,,,,,,,,,,,,,,,,,,,,,,,,,,,,,,,,,,,,,,,28.2,28.4,28.6,28.3,28.3,28.2,28.2,28.2,28,28.1,28.2,28.2,28.3,28.3,27.9,28,28,28.3,28,28.2,28.1,28.2,28.2,27.9,28.6,28.1,28.1,28.3,28.5,28.2,28.1,83,81,80,82,82,83,81,83,81,82,83,81,81,80,84,82,83,82,82,83,82,83,83,82,81,84,83,83,81,82,84,0.4,0.8,0.4,0.2,0.1,0,0.5,0.2,0,0.1,0.5,0.6,0.2,0.2,0.4,0.1,0.4,0.2,0.3,0.2,0.3,0.1,0.6,0,0,0.4,0.2,0.6,0,1.1,0.3,18.8,16.8,16.9,17.6,18.3,17.4,17.6,19.9,19.5,19.3,19.6,19,19.3,17.8,17.7,20.4,18.1,19.7,19.6,18.7,17.7,18.5,16.7,20.5,17.2,17.9,17.9,18,20.5,19.2,19.4,22.3,20.2,20.9,21.6,22.3,22,20.5,23.4,23.8,23.8,23,23,23.8,21.6,20.9,24.1,21.6,23.4,22.7,22.7,20.9,22.3,20.2,24.8,21.6,21.2,20.9,22.7,25.9,22.7,23.4,,,,,,22.2204,114.2127
2026-10-01T02:00,28.2,27.7,27.8,28,28.3,27.7,27.5,27.5,28.6,27.8,28.1,27.3,27.7,28.7,27.4,27.3,28,28.3,28.2,27.5,27.7,27.3,27.1,28,28.5,27.4,27.4,28.1,26.7,27.9,28.1,28.3,27.3,27.7,27.8,28.2,28.3,26.9,28.2,27.7,90,91,88,89,88,89,91,93,87,91,86,91,90,85,92,87,87,84,88,87,91,88,87,86,88,92,90,88,92,87,84,89,89,88,87,89,82,89,90,88,0,0,0,0,0,0,0,0,0,0,0,0,0,0,0,0,0,0,0,0,0,0,0,0,0,0,0,0,0,0,0,0,0,0,0,0,0,0,0,0,3.4,3.8,4.3,5.7,4.2,2.3,2.4,2.5,3.9,2.5,2.4,3.8,5,2.4,3.3,2.1,3.3,2.2,3.1,2.3,3.5,3.5,2.7,1.8,5,3.3,1.3,2,5,3.8,1.5,2.9,2.8,2.6,2.2,3.3,2.4,2.1,4.8,2.9,,,,,,,,,,,,,,,,,,,,,,,,,,,,,,,,,,,,,,,,,28.1,28.3,28.5,28.3,28.3,28.1,28.1,28.2,27.9,28,28.1,28.2,28.3,28.3,27.9,27.9,28,28.2,27.9,28.2,28,28.1,28.1,27.9,28.5,28,28,28.2,28.5,28.2,28.1,83,81,81,82,82,83,81,83,81,82,83,81,81,80,84,82,83,82,82,83,82,83,84,82,82,84,83,83,82,82,84,0.4,0.8,0.4,0.2,0.1,0,0.5,0.2,0,0.1,0.5,0.6,0.2,0.2,0.4,0.1,0.4,0.2,0.3,0.2,0.3,0.1,0.6,0,0,0.4,0.2,0.6,0,1.1,0.3,18.8,16.7,16.5,17.9,19.3,17.8,17.7,19.8,19.7,19.5,19.8,19.2,19.1,17.5,17.2,20.6,17.7,20,19.2,18.9,18.2,18.3,17,20.4,17,17.9,17.9,18.3,20.8,19.1,20.5,22.3,20.2,20.5,22,23.4,22,20.5,23.4,23.8,24.1,23.4,23.4,23.4,20.9,20.5,24.5,21.6,23.8,22.3,22.7,21.6,21.6,20.5,24.8,21.2,21.2,21.2,23,26.3,22.3,23.8,,,,,,22.2204,114.2127
2026-10-01T03:00,28.1,27.6,27.7,27.9,28.2,27.6,27.5,27.4,28.5,27.8,28,27.1,27.6,28.5,27.3,27.2,27.8,28.1,28,27.4,27.6,27.1,27,28,28.4,27.3,27.2,28,26.7,27.8,28,28.2,27.3,27.6,27.7,28.2,28.1,26.8,28.1,27.7,91,92,89,90,88,89,91,93,87,91,86,92,91,85,93,88,89,85,87,85,93,89,87,85,88,93,91,88,90,88,84,90,89,87,86,90,82,89,90,87,0,0,0,0,0,0,0,0,0,0,0,0,0,0,0,0,0,0,0,0,0,0,0,0,0,0,0,0,0,0,0,0,0,0,0,0,0,0,0,0,3,4,4.4,5.1,4,1.8,2.1,2.6,3.7,2.2,2.9,4,4.7,2.6,3.1,1.8,3.4,2.3,3.4,2.5,3.6,3.6,2.9,1.8,5,3.3,1,1.5,5.1,3.4,2.2,3,2.4,2.5,3,3.6,3.3,2.2,4.7,3.1,,,,,,,,,,,,,,,,,,,,,,,,,,,,,,,,,,,,,,,,,28,28.3,28.5,28.2,28.2,28,28,28.1,27.9,27.9,28,28.1,28.2,28.2,27.9,27.8,27.9,28.1,27.8,28.2,28,28,28.1,27.9,28.4,28,28.1,28.1,28.4,28.1,28.1,83,81,81,82,82,83,81,83,81,82,83,81,81,80,84,82,83,82,82,82,83,83,84,82,82,84,82,83,82,82,84,0.7,0.4,0.3,0.6,0.9,0.1,0,0.5,0,0,0.5,0.6,0.4,0.7,0.4,0.1,0.7,0.4,0.8,0.7,0.4,0.6,1,0.5,0.3,0.4,0.5,0.2,0.7,1,0.4,19.1,16.9,15.4,17.7,19.5,17.2,18,19.6,19.8,19.7,19.8,19.1,18,16.9,17.4,20.3,18.3,18.7,18.4,18.8,19.2,18.5,17.2,18.8,16.4,17.9,18.3,18,19.6,18.4,20.7,22.7,20.5,19.1,22,23.8,21.2,21.2,23.4,23.8,24.5,23.8,23.4,22,20.5,20.5,24.1,22,22.3,22,23,23,22.3,20.9,23,20.9,21.2,21.6,22.7,24.8,22.3,24.1,,,,,,22.2204,114.2127
2026-10-01T04:00,28,27.5,27.6,27.7,28.1,27.5,27.3,27.3,28.4,27.8,27.9,26.9,27.6,28.4,27.1,27,27.7,28,27.9,27.3,27.5,27,26.9,27.9,28.3,27.2,27,27.9,26.7,27.6,27.9,28,27.3,27.4,27.5,28.1,28.1,26.8,28,27.6,92,93,89,91,88,90,91,93,88,91,85,94,91,85,94,89,90,85,88,86,94,90,87,85,89,93,92,88,90,90,84,91,88,88,87,90,82,87,91,87,0,0,0,0,0,0,0,0,0,0,0,0,0,0,0,0,0,0,0,0,0,0,0,0,0,0,0,0,0,0,0,0,0,0,0,0,0,0,0,0,2.5,3.7,4,4.3,3.9,1.4,1.6,2.8,3.6,2.6,2.9,3.9,5.4,2.2,3.6,1.3,3.4,2.3,2.9,2.5,3.7,3.3,2.3,1.5,4.5,3.4,1.1,1.5,5.1,3.1,1.8,2.5,2.2,3,2.4,3.4,3.6,2.9,4.5,3.6,,,,,,,,,,,,,,,,,,,,,,,,,,,,,,,,,,,,,,,,,28,28.2,28.5,28.2,28,28,28.1,28.1,27.9,27.9,28,28.1,28.1,28,27.9,27.8,27.9,28,27.8,28.2,27.9,28,28,27.9,28.4,27.9,28.2,28.1,28.4,28,28.1,83,82,81,81,83,83,81,83,82,83,83,82,81,81,84,82,83,82,81,81,84,82,84,82,81,84,80,83,81,81,84,0.7,0.4,0.3,0.6,0.9,0.1,0,0.5,0,0,0.5,0.6,0.4,0.7,0.4,0.1,0.7,0.4,0.8,0.7,0.4,0.6,1,0.5,0.3,0.4,0.5,0.2,0.7,1,0.4,18.8,16.7,13.8,17.1,19.3,16.6,18.7,18.7,19.7,19.9,19.8,18.6,16.3,16.6,17.3,19.9,18.7,16.7,17.5,19,20.2,19.3,17.2,16.2,15.7,18.1,18.2,17.9,17.5,17.7,20.2,23.4,20.5,17.3,22,23.4,20.2,22.7,23.8,23.4,24.5,24.1,23.4,20.2,20.2,20.5,23.8,22.7,20.2,21.2,23.8,24.5,23.4,21.2,20.2,20.2,21.6,22.3,22.3,22.3,22.3,24.5,,,,,,22.2204,114.2127
2026-10-01T05:00,28,27.4,27.5,27.5,28,27.4,27.2,27.2,28.3,27.8,27.9,26.7,27.6,28.3,27,26.8,27.6,27.9,27.7,27.1,27.5,26.9,26.8,27.7,28.3,27.1,26.9,27.7,26.6,27.4,27.8,28,27.2,27.4,27.4,28.1,27.8,26.7,27.9,27.3,92,93,90,93,89,89,92,95,88,90,85,95,91,86,95,90,91,85,89,86,94,91,88,87,89,94,92,89,90,91,84,91,88,88,87,90,84,89,92,89,0,0,0,0,0,0,0,0,0,0,0,0,0,0,0,0,0,0,0,0,0,0,0,0,0,0,0,0,0,0,0,0,0,0,0,0,0,0,0,0,2.5,3.7,3.7,3.8,4,1.1,1.6,2.9,4,2.7,2.3,3.7,5.5,1.5,3.4,1.5,3.2,2.2,2.7,2.6,3.4,3.1,1.9,1.3,4.7,3.4,1.4,1.5,4.7,3.6,1.3,2.2,1.8,2.5,2.6,3.6,2.9,2.9,4,3.1,,,,,,,,,,,,,,,,,,,,,,,,,,,,,,,,,,,,,,,,,28.1,28.2,28.6,28.2,28,28,28.1,28.1,27.9,27.9,28,28.1,28.1,28,28,27.8,27.9,28,27.9,28.3,27.9,28.1,28.1,27.9,28.4,27.9,28.3,28.2,28.4,28,28.2,82,82,80,80,83,83,81,83,82,83,82,82,81,81,83,82,82,82,81,80,84,82,84,81,80,84,79,83,80,81,83,0.7,0.4,0.3,0.6,0.9,0.1,0,0.5,0,0,0.5,0.6,0.4,0.7,0.4,0.1,0.7,0.4,0.8,0.7,0.4,0.6,1,0.5,0.3,0.4,0.5,0.2,0.7,1,0.4,18.2,16,12.2,16.4,18.5,16.1,18.9,17.7,18.8,19.7,19,17.9,14.8,15.9,17,19.1,18.7,14.6,16.8,18.4,20.6,19.3,17.1,14.5,14.8,17.9,18.2,17.3,15.5,16.9,18.9,23,19.8,15.5,21.2,22.7,19.4,22.7,23,22.7,24.1,23.8,22.3,18.7,19.4,20.2,22.7,22.7,17.6,20.5,23.4,24.8,23.8,21.2,17.6,19.1,21.6,22.3,21.2,19.8,22,23.4,,,,,,22.2204,114.2127
2026-10-01T06:00,28,27.4,27.4,27.4,27.8,27.4,27.2,27.1,28.2,27.7,27.8,26.6,27.4,28.3,27,26.7,27.4,27.8,27.6,27,27.4,26.8,26.7,27.6,28.2,27,26.8,27.7,26.4,27.3,27.6,27.9,27.1,27.3,27.2,28,27.6,26.6,27.8,27.2,92,94,91,94,89,87,90,96,89,90,86,96,91,85,95,91,91,85,90,86,94,92,88,88,88,94,91,87,91,93,84,91,89,88,88,90,86,90,93,91,0,0,0,0,0,0,0,0,0,0,0,0,0,0,0,0,0,0,0,0,0,0,0,0,0,0,0,0,0,0,0,0,0,0,0,0,0,0,0,0,2.3,3.3,3.4,3.6,3.7,1.8,1.8,2.4,3.6,2.8,1.6,3.8,4.3,1.1,3.4,1.3,3.2,2.2,2.5,2.1,3.1,2.6,1.8,1.1,4.7,3.8,1.8,2,3.8,3.9,1.9,1.9,1.8,2.3,2.4,4.1,3,2.5,3.8,2.7,,,,,,,,,,,,,,,,,,,,,,,,,,,,,,,,,,,,,,,,,28.2,28.3,28.7,28.4,28.2,28,28.2,28.2,28,27.9,28.3,28.2,28.2,28,28.1,27.9,28.1,28.2,27.9,28.4,28,28.1,28.2,28.1,28.5,28,28.3,28.2,28.6,28.1,28.4,81,82,79,79,81,83,80,83,81,82,80,81,80,81,82,81,81,81,81,80,83,82,83,80,79,84,79,82,79,81,82,0.5,0.5,0.2,0.2,0.6,0.7,0.7,0.4,0.3,0.4,0.9,0.5,0.3,0.7,0.4,0.4,0.8,0.4,0.3,0.2,0.7,0.7,0.4,0.4,0.2,0.9,0.4,0.5,0,0.1,0.7,16.7,13.7,11.2,15.3,17.1,16.1,17.6,16.2,16.9,18.4,17.3,15.9,14,14.7,15.5,17.9,17.2,12.9,16.2,17.6,19.1,18.5,16.1,13.8,13.3,17.9,17.4,16.1,14,16.2,16.4,20.9,16.9,14,19.8,21.2,19.1,21.2,20.9,20.5,22.3,22,20.2,17.6,18,18.4,20.9,20.9,15.5,19.8,22,23.4,22.3,20.2,16.6,16.9,21.2,21.2,19.8,18,20.2,20.5,,,,,,22.2204,114.2127
2026-10-01T07:00,28.2,27.5,27.5,27.5,27.9,27.5,27.2,27.2,28.3,27.9,27.8,26.9,27.4,28.4,27.3,26.8,27.6,28,27.8,27.2,27.6,26.9,26.9,27.8,28.3,27.2,27,28,26.5,27.5,27.8,28.1,27.2,27.5,27.4,28.3,27.7,26.7,28,27.3,90,95,91,95,90,87,90,96,89,89,87,96,93,84,95,90,92,85,89,87,94,92,87,85,88,94,91,85,91,93,83,91,90,87,88,89,87,90,93,92,0,0,0,0,0,0,0,0,0,0,0,0,0,0,0,0,0,0,0,0,0,0,0,0,0,0,0,0,0,0,0,0,0,0,0,0,0,0,0,0,1.9,3.3,2.9,3.3,4,1.8,1.1,2.8,3.6,2.6,1.5,3.1,3.8,0.7,3.1,1,2.9,2.3,2.1,2.1,2.5,1.9,1.9,0.8,4.3,3.6,1.5,2.1,2.3,3.5,1.8,1.1,2.5,2,2.3,4.1,2.9,2.2,3.7,2.6,,,,,,,,,,,,,,,,,,,,,,,,,,,,,,,,,,,,,,,,,28.3,28.4,28.8,28.6,28.6,28.1,28.4,28.2,28.1,28.1,28.6,28.4,28.5,28.1,28.2,28.1,28.3,28.5,28,28.5,28.1,28.3,28.3,28.4,28.7,28.1,28.3,28.3,28.8,28.3,28.5,80,81,78,78,79,83,79,82,80,81,78,79,79,80,81,80,80,78,80,80,82,81,82,79,78,84,79,81,78,81,81,0.5,0.5,0.2,0.2,0.6,0.7,0.7,0.4,0.3,0.4,0.9,0.5,0.3,0.7,0.4,0.4,0.8,0.4,0.3,0.2,0.7,0.7,0.4,0.4,0.2,0.9,0.4,0.5,0,0.1,0.7,14.6,10.8,10.6,14,14.7,16.1,15.5,14,14.8,16.9,15,13.7,13.7,13.5,13.7,16.3,15.2,11.8,15.4,16,16.6,16.8,14.8,13.4,11.5,17.6,16.6,14.8,12.6,15.1,13.3,17.6,13.3,13,18,19.1,19.1,18.7,17.6,18,20.2,19.1,16.9,16.9,15.8,16.2,18.7,18.4,13.3,18.7,19.8,20.9,20.2,18,16.2,14,20.5,19.4,18,16.2,18,16.2,,,,,,22.2204,114.2127
2026-10-01T08:00,29,28.5,28.4,28.6,28.9,28.3,28,28.2,29.1,28.5,28.6,28,28.5,28.9,28.3,27.7,28.6,28.7,28.6,28.1,28.8,27.9,27.6,28.3,29.2,28.2,28,28.6,27.2,28.4,28.5,28.9,28.1,28.3,28.2,29,28.6,27.5,29.1,28.4,87,86,85,86,85,83,89,85,83,85,83,87,85,83,86,85,84,81,83,83,83,89,83,84,82,85,86,82,85,88,80,87,85,84,87,84,81,86,83,85,0,0,0,0,0,0,0,0,0,0,0,0,0,0,0,0,0,0,0,0,0,0,0,0,0,0,0,0,0,0,0,0,0,0,0,0,0,0,0,0,1.8,4.1,3.4,5,4.7,1.1,1.5,3.9,4.3,2.7,1.3,4.1,4.6,0.5,3.9,0.8,2.6,1.5,2.6,2.1,2.2,1.5,2.2,1.1,4.4,3.9,1.1,1.9,2.9,3.1,1.1,1.3,1.6,2.1,2.3,4.9,2.4,3,4.2,1.8,,,,,,,,,,,,,,,,,,,,,,,,,,,,,,,,,,,,,,,,,28.5,28.7,29.1,28.9,29,28.3,28.7,28.4,28.4,28.3,29,28.7,28.7,28.3,28.5,28.4,28.6,28.9,28.3,28.7,28.4,28.5,28.6,28.7,29,28.3,28.4,28.6,29.1,28.5,28.8,79,79,76,77,77,82,78,81,79,79,76,77,78,79,79,78,79,76,79,79,80,80,81,77,76,83,79,79,77,80,79,0.5,0.5,0.2,0.2,0.6,0.7,0.7,0.4,0.3,0.4,0.9,0.5,0.3,0.7,0.4,0.4,0.8,0.4,0.3,0.2,0.7,0.7,0.4,0.4,0.2,0.9,0.4,0.5,0,0.1,0.7,13,8.6,9.9,12.7,13.2,16.1,13.7,13,13.3,15.5,13.1,11.9,13.3,12.6,12.2,15.2,13.3,10.3,14.6,14.5,14.8,15.5,13.9,13.1,9.7,17.3,15.7,13.7,11.5,14,10.7,15.1,10.4,11.9,15.8,17.3,18.7,16.2,15.5,15.5,18,16.6,14.8,15.8,14.4,14,16.9,16.2,11.5,17.3,17.6,18.4,18.4,16.6,15.5,11.9,19.8,18,16.2,14.4,15.8,13.3,,,,,,22.2204,114.2127
2026-10-01T09:00,30,29.4,29.3,29.5,29.8,29.2,29.3,29.2,30.1,29.3,29.6,29,29.5,29.8,29.4,28.7,29.5,29.6,29.6,29.1,29.6,29,28.6,29.1,29.9,29.1,29.1,29.4,28,29.5,29.4,29.9,29.2,29.2,29.5,29.9,29.4,28.5,30,29.2,78,80,79,80,79,77,79,79,78,80,76,81,79,78,80,78,78,75,78,78,78,81,78,78,78,81,77,78,82,77,76,79,76,79,77,79,77,80,78,79,0,0,0,0,0,0,0,0,0,0,0,0,0,0,0,0,0,0,0,0,0,0,0,0,0,0,0,0,0,0,0,0,0,0,0,0,0,0,0,0,2.3,4.6,3.5,4.8,5.1,1.4,1.8,6.2,4.3,2.4,1.1,4.9,4.4,1.1,4.7,1.1,3.3,1.8,3.5,2.4,4,2.3,2.2,1.5,4.2,2.6,1.1,1.9,1.8,3.2,1.5,1.3,0.8,2.9,3.2,4.6,2.9,3.3,4.2,1.4,,,,,,,,,,,,,,,,,,,,,,,,,,,,,,,,,,,,,,,,,29,29.3,29.5,29.4,29.4,28.6,29.1,28.9,28.9,28.8,29.5,29.1,29,28.6,29.1,28.9,29.2,29.5,28.8,29.2,28.9,28.9,29.1,29.3,29.5,28.6,28.9,29.1,29.6,28.8,29.4,76,76,74,74,75,81,76,79,77,77,74,74,77,77,76,76,76,73,77,76,77,78,78,74,73,81,77,76,75,78,77,0.2,0.2,0.2,0.2,0.1,0.2,0,0.5,0.1,0.1,0,0.3,0.1,0.6,0.2,0.1,0.3,0.1,0.5,0.2,0.1,0.5,0.4,0.3,0.1,0.9,0.1,0.3,0.1,0,0.3,11.9,7.7,9.2,10.9,12.6,15.8,12.5,13.5,12,14.8,11.8,11.2,12.8,12.3,10.8,14.2,12.2,9.3,13.2,12.8,13.3,14.7,13.7,12.4,8.1,16.3,15,12.3,10.1,12.9,10,13.7,9.4,11.2,13.3,15.5,18,14,15.1,13.7,16.6,14.4,13.7,14.4,13.7,12.2,15.1,14,10.1,14.8,14.8,15.5,16.6,15.1,14,10.1,18.4,16.6,14,11.9,14,12.2,,,,,,22.2204,114.2127
2026-10-01T10:00,30.9,30.4,30.4,30.5,30.8,30.1,30.4,30.2,31.1,30.4,30.5,30.3,30.6,30.7,30.5,29.7,30.6,30.4,30.6,30.1,30.5,30.1,29.6,29.8,30.7,30,30.3,30.4,29.1,30.4,30.5,31,30.2,30.2,30.6,30.9,30.4,29.7,31.2,30.2,73,74,73,75,74,74,73,73,73,76,70,74,73,73,75,74,73,73,73,73,72,75,74,75,75,77,73,75,79,73,70,73,72,74,74,74,73,73,72,75,0,0,0,0,0,0,0,0,0,0,0,0,0,0,0,0,0,0,0,0,0,0,0,0,0,0,0,0,0,0,0,0,0,0,0,0,0,0,0,0,2.3,4.6,3.3,4.7,5,2.9,3.3,6.8,3.2,1.5,0.8,4.6,3.3,1.1,3.2,1.8,3.1,1.9,4.2,2.4,5.5,3.1,2.5,2.4,3.4,0.5,0.7,1.6,0.8,3.6,1.9,1.3,0.5,4,2.6,4.4,2.5,3.3,3.3,0,,,,,,,,,,,,,,,,,,,,,,,,,,,,,,,,,,,,,,,,,29.6,30.1,30.1,30,29.9,28.9,29.6,29.4,29.5,29.3,30.1,29.6,29.4,29.1,29.8,29.4,29.8,30.2,29.5,29.8,29.6,29.4,29.7,29.9,30.1,29.1,29.5,29.7,30.2,29.3,30,73,72,71,71,73,79,74,76,74,75,72,71,75,75,72,73,73,70,73,73,74,76,75,71,69,78,74,73,72,76,74,0.2,0.2,0.2,0.2,0.1,0.2,0,0.5,0.1,0.1,0,0.3,0.1,0.6,0.2,0.1,0.3,0.1,0.5,0.2,0.1,0.5,0.4,0.3,0.1,0.9,0.1,0.3,0.1,0,0.3,11.8,8.4,9.3,9.4,12.4,15.8,11.3,15.3,11.5,15,11,11.4,11.9,12.5,9.8,12.8,11.3,8.3,11.5,10.7,11.5,14.1,13.7,11.8,7.1,15.4,14.6,10.5,8.7,12.2,10.7,12.6,9,10.4,10.8,14,16.9,12.2,16.2,12.2,15.8,12.6,13,13,13,10.1,13.3,12.6,9.4,12.2,11.9,13,15.1,14.4,12.6,8.6,16.9,15.5,11.5,9.7,12.6,11.9,,,,,,22.2204,114.2127
2026-10-01T11:00,31.7,31.6,31.6,31.7,32.1,31.2,31.2,31.3,32.1,31.2,31.6,31.5,31.8,31.7,31.2,30.8,30.7,31.5,31.8,31.3,31.6,31.2,30.7,30.2,31.8,31.2,31.6,31.7,30.5,31.1,31.7,32,31.4,31.4,32,31.8,31.7,30.9,32.2,31.4,67,67,67,68,67,70,70,67,67,72,65,69,66,67,71,69,72,68,67,68,67,70,69,73,71,71,65,67,71,68,64,68,66,69,66,69,66,67,68,68,0,0,0,0,0,0,0,0,0,0.1,0,0,0,0,0.1,0,0.1,0,0,0,0,0,0,0.1,0,0,0,0,0,0.1,0,0,0,0,0,0,0,0,0.1,0,0.8,4.4,3,4.2,5.1,4.7,3.3,7.4,3.1,2.5,2.2,3.1,1.8,0.5,2.5,3.2,0.8,3.1,6,2.2,6.3,5.2,2.4,2,2.8,0.4,1.1,1.1,1.8,5.8,2.2,1.1,1.5,5.2,2.2,4,2.6,3.1,3.4,1.5,,,,,,,,,,,,,,,,,,,,,,,,,,,,,,,,,,,,,,,,,30,30.6,30.4,30.5,30.2,29.2,30,29.8,29.9,29.7,30.5,30,29.7,29.4,30.4,29.9,30.2,30.7,30,30.2,30.2,29.9,30.1,30.4,30.6,29.5,29.9,30.2,30.7,29.6,30.4,71,69,69,69,72,78,72,74,72,74,70,69,74,74,69,71,71,67,71,70,71,74,73,69,67,76,72,70,70,74,72,0.2,0.2,0.2,0.2,0.1,0.2,0,0.5,0.1,0.1,0,0.3,0.1,0.6,0.2,0.1,0.3,0.1,0.5,0.2,0.1,0.5,0.4,0.3,0.1,0.9,0.1,0.3,0.1,0,0.3,12.8,9.5,10.2,8.4,13.3,16.3,11.3,17.3,12.3,15.5,11.3,12.4,11.9,13.2,9.1,12.9,11,7.7,10.6,10.1,10.9,14.1,14.5,11.7,7.9,15,14.7,9.4,7.6,12.5,12.8,13,9.4,10.4,9.4,13.7,16.6,11.5,17.3,11.9,15.5,11.9,13.3,12.2,13.3,9.4,13,11.9,9,10.8,10.4,11.2,14.8,14.4,12.2,8.3,15.8,14.8,10.4,8.3,11.9,12.6,,,,,,22.2204,114.2127
2026-10-01T12:00,32.5,32.6,32.9,33,33.2,31.9,31.7,32.1,32.9,32.1,32.6,32.5,32.8,32.6,31.8,31.5,31.5,32.5,32.7,32.5,32.6,32.1,31.7,30.8,32.9,32.4,32.8,32.8,31.8,31.4,33,32.9,32.5,32.3,33.2,32.7,32.8,32.1,32.5,32.4,63,61,60,62,59,68,68,63,62,67,60,64,61,63,68,68,69,63,61,62,62,66,64,70,66,63,58,59,65,68,57,64,61,64,59,63,61,61,65,64,0,0,0,0,0,0,0.1,0,0,0.1,0,0,0,0,0.2,0,0,0,0,0,0,0,0,0.1,0,0,0,0,0,0.2,0,0,0,0,0,0,0,0,0.1,0.1,3.6,4.3,2,3.1,5.7,6.4,3.4,6,4,3.7,3.6,1.3,0.8,2.2,1.5,5.8,2.4,3.8,6.4,2.2,6.9,7.1,2.4,0.8,5.2,0.8,2.1,0.4,3.2,6.5,1.8,1.1,1.9,6.4,1.5,2.4,4.2,3.8,1.8,3,,,,,,,,,,,,,,,,,,,,,,,,,,,,,,,,,,,,,,,,,30.1,30.8,30.5,30.8,30.3,29.4,30.1,29.9,30.1,29.9,30.6,30.2,29.9,29.5,30.7,30.2,30.4,31,30.3,30.5,30.5,30.1,30.1,30.7,30.7,29.7,30.2,30.5,30.9,29.7,30.5,71,68,69,68,72,78,72,74,72,74,69,68,72,74,67,70,71,66,70,69,70,74,73,68,67,75,71,69,69,73,72,0.1,0,0.1,0,0.2,0.1,0.2,0.4,0,0.1,0.1,0.1,0.3,0.1,0.2,0.3,0,0.1,0.2,0.1,0.2,0.5,0.2,0,0.1,0.2,0.1,0,0.3,0.2,0.3,15.5,11.2,11.9,9.6,15.3,17.1,12.8,18.9,14.3,16.9,12.5,14.3,13,14.6,9.4,14.3,12.8,7.9,11.9,11.6,11.6,15.9,16.6,13,10.6,15.5,15.5,10.5,7.2,13.8,15.2,15.1,10.8,11.5,10.4,15.5,17.3,13,18.7,14,16.2,13,14.8,13.3,14.8,10.1,14.4,13.3,9.4,11.9,11.5,11.5,16.6,16.6,13.3,10.1,16.2,15.5,11.5,9,13,14.4,,,,,,22.2204,114.2127
2026-10-01T13:00,32.6,33.3,33.9,33.7,33.9,32.5,32,32.6,33.6,32.3,33.5,33.1,33.3,33.2,32.3,32.5,32.1,33.3,33.5,33.6,33.6,32.7,32.4,31.4,33.7,33.1,33.6,33.7,32.7,31.3,33.9,33.5,33.6,33,34.1,33.3,33.7,33,32.7,32.9,63,58,57,58,56,63,67,61,58,66,56,58,60,60,66,61,67,59,58,55,56,64,61,66,62,61,54,55,59,68,53,61,53,59,54,59,56,56,62,61,0,0,0,0,0,0,0.1,0.1,0,0.1,0,0,0,0,0.1,0,0,0,0,0,0,0,0,0.1,0,0,0,0,0,0.1,0,0,0,0,0,0,0,0,0.3,0.1,6.1,4.9,0.4,2,6.2,6.7,4.3,3.5,4.3,5.8,4.7,1.3,2.3,4.4,0.8,5.8,2,4.9,7.7,1.8,5.8,8.4,4.5,0.5,6.7,1.5,2.3,2.4,6.6,6,4.3,4,2.9,7,1.6,1.8,5.6,4.6,0.5,2.4,,,,,,,,,,,,,,,,,,,,,,,,,,,,,,,,,,,,,,,,,30.1,30.8,30.5,30.9,30.3,29.4,30.1,29.8,30.1,30,30.6,30.3,30.2,29.5,30.7,30.5,30.3,31.1,30.3,30.6,30.6,30.2,29.9,30.8,30.7,29.9,30.3,30.6,30.9,29.7,30.3,73,68,69,67,73,78,72,74,73,74,69,68,71,75,67,69,72,65,69,69,69,74,75,68,68,74,71,69,68,74,73,0.1,0,0.1,0,0.2,0.1,0.2,0.4,0,0.1,0.1,0.1,0.3,0.1,0.2,0.3,0,0.1,0.2,0.1,0.2,0.5,0.2,0,0.1,0.2,0.1,0,0.3,0.2,0.3,18.6,13.2,14.2,12.6,18.1,18.4,15.3,20.4,17.3,18.2,14.4,17.2,14.9,16.5,10.7,17,15.8,8.9,14.5,14.3,12.9,18.6,19.1,14.8,14.1,17.1,16.8,13.2,9.2,16.2,17.8,18.7,13,13.7,13.3,18.7,18.7,15.5,20.5,17.3,17.6,14.8,16.9,15.5,17.3,11.5,17.3,16.2,10.4,14,14.4,12.6,19.4,19.8,15.5,13.3,17.3,16.9,14,10.8,14.8,17.3,,,,,,22.2204,114.2127
2026-10-01T14:00,32.3,33.8,34.1,33.1,34.2,32.7,31.9,32.9,34.1,32.8,33.8,33.8,33.4,33.5,32.7,32.9,32.3,33.6,33.2,34.2,34,32.9,32.5,31.8,34.1,33.3,33.1,34.2,32.9,31,34.3,33.8,33.9,33.2,34.6,33.7,34.1,33.5,32.5,33.3,65,55,54,60,54,61,68,61,55,64,54,55,61,59,64,59,66,57,60,53,52,61,62,64,59,61,57,54,59,70,52,60,53,57,53,57,54,54,62,61,0.1,0,0,0.3,0,0,0.2,0,0,0,0,0,0,0,0,0,0.1,0,0,0,0,0,0,0.1,0,0,0.1,0,0,0.2,0,0,0,0,0,0,0,0,0.2,0,8.4,5.2,2.5,1.4,6.9,8.8,5.6,3.3,6.2,6.6,6.2,3.6,6.7,5.8,2.6,7.6,4.1,7,8.4,4,5,10.1,6.3,1.6,7.3,5.1,2.5,5.2,9.8,7.1,6.2,6.8,6.5,8.9,2.3,2.9,7.1,5.8,1.3,4.1,,,,,,,,,,,,,,,,,,,,,,,,,,,,,,,,,,,,,,,,,30,30.7,30.3,30.9,30.2,29.4,30,29.7,30,30,30.5,30.2,30.2,29.4,30.7,30.5,30.2,31,30.3,30.6,30.6,30.2,29.7,30.8,30.5,29.9,30.4,30.6,30.8,29.6,30.1,74,69,70,67,74,78,73,75,74,74,70,69,70,75,67,69,73,65,69,69,69,74,77,68,69,74,71,69,68,74,74,0.1,0,0.1,0,0.2,0.1,0.2,0.4,0,0.1,0.1,0.1,0.3,0.1,0.2,0.3,0,0.1,0.2,0.1,0.2,0.5,0.2,0,0.1,0.2,0.1,0,0.3,0.2,0.3,20.9,14.6,15.8,15.1,19.9,19.2,17.4,21.2,19.6,19.1,16.1,19.3,16.3,17.9,12,19.1,18.1,10,16.7,16.8,14.5,20.6,21.1,16.6,16.9,18.1,17.9,15.7,11.9,17.6,19.9,21.2,14.4,15.1,15.5,20.9,19.8,17.3,22,20.2,18.7,16.6,18.7,16.9,18.7,13,19.4,18.4,11.5,15.8,16.9,14.4,21.6,22.3,17.3,16.2,18.4,18,16.2,13,16.2,19.4,,,,,,22.2204,114.2127
2026-10-01T15:00,31.8,33.9,34.1,32.8,34.1,32.7,31,32.9,33.7,32.8,33.6,33.7,29.9,33.5,32.3,32.8,31.3,33.6,32.7,34.2,34.3,32.6,32.1,31.8,33.9,31.6,32.3,34,32,30.3,33.4,33.7,33.9,32.9,34.5,34,33.8,33.6,31.2,33,67,54,54,61,54,61,69,61,58,65,55,56,71,59,66,59,70,57,63,54,51,62,65,64,60,68,61,55,64,73,57,60,54,59,53,56,56,54,69,62,0.1,0,0,0.1,0,0,0.3,0,0,0,0,0,0.9,0,0.3,0,0.3,0,0.2,0,0,0,0.1,0.1,0,0.6,0.1,0,0,0.5,0,0,0,0,0,0,0,0,0.9,0,9.8,5.4,6.1,2.4,8.2,10.1,4,3,9.4,7.7,9,6.6,7.3,7.6,3.6,9.3,5.6,9,9.2,7.3,5.2,12.1,7.6,3.1,8.9,7.7,3.5,6.2,10.9,7.1,7.6,10.2,8.3,11.3,1.8,5.4,8.4,7.9,3.1,6,,,,,,,,,,,,,,,,,,,,,,,,,,,,,,,,,,,,,,,,,29.8,30.6,30.1,30.8,30,29.3,29.8,29.6,29.8,29.9,30.3,29.9,30.1,29.3,30.5,30.2,29.9,30.8,30.1,30.4,30.4,30.1,29.5,30.5,30.3,29.7,30.3,30.5,30.7,29.4,30,75,69,71,68,75,78,74,75,75,75,71,71,71,75,68,71,75,66,70,70,70,74,79,69,70,75,71,70,69,74,74,0.2,0.1,0,0,0.3,0,0,0.4,0,0.1,0.2,0,0,0,0,0,0,0,0,0.2,0.2,0.3,0.1,0,0.1,0.1,0,0.1,0.1,0.2,0.3,21.1,15.2,16.7,16.8,20.4,19.2,18.2,21.8,20.4,18.8,17.3,20.5,17.3,17.7,13.2,20.2,19.2,10.9,17.1,18.4,16.2,21.2,21.4,17.9,18.8,18.9,17.9,17.4,13.9,17.9,20.7,22,15.1,16.2,16.9,21.6,20.5,18,23,21.6,18.7,18,20.2,17.6,18.4,13.7,20.9,19.8,11.9,16.6,19.1,16.6,22.3,23,18.4,19.1,19.8,18.4,18,15.1,16.9,20.9,,,,,,22.2204,114.2127
2026-10-01T16:00,31.4,33.9,33.7,32.5,33.5,32.3,31,32.8,32.9,32,32.6,32.7,29.9,33.1,30.5,32,30.1,33.1,32,33.8,34,31.8,31.1,31.2,32.9,30.7,31.6,33.4,30.5,30.3,31.9,33.1,33.3,32.2,33.3,33.7,32.8,32.9,30.9,31.4,69,55,56,61,58,63,69,62,63,69,62,62,73,60,71,64,73,60,65,56,52,66,70,67,63,72,63,58,70,73,64,63,58,63,58,57,61,57,69,68,0,0,0,0,0,0,0.2,0,0,0.3,0,0,0.2,0,1.3,0,0.6,0,0.2,0,0,0,0.7,0.1,0,0.5,0,0,0.4,0.1,0.2,0,0,0,0.4,0,0,0,0,0.8,10.6,5.7,8.3,1.3,9,11.6,4.1,2.3,11.2,7.7,11.9,10.1,6.2,9.1,3.9,10.9,2.6,10.5,10.1,8.4,7.3,13,4.7,3.1,7.1,6.1,4.6,8,8.1,4.9,4.9,7.8,8.6,12.4,3.3,8.3,8.9,9.2,2.9,7.1,,,,,,,,,,,,,,,,,,,,,,,,,,,,,,,,,,,,,,,,,29.6,30.4,29.8,30.5,29.7,29.1,29.5,29.4,29.5,29.7,30.1,29.5,29.8,29.1,30.1,29.7,29.5,30.5,29.7,30,30.2,30,29.2,30.1,29.9,29.4,30.1,30.2,30.5,29.1,29.9,75,70,73,70,77,79,75,76,77,76,73,73,72,75,71,73,76,67,71,72,71,74,81,71,72,77,71,72,71,75,74,0.2,0.1,0,0,0.3,0,0,0.4,0,0.1,0.2,0,0,0,0,0,0,0,0,0.2,0.2,0.3,0.1,0,0.1,0.1,0,0.1,0.1,0.2,0.3,20.5,15.2,16.7,18.1,20.3,19.1,17.7,22.3,20.7,18.2,18.4,21.1,17.9,16.7,14.2,20.9,19.6,11.5,17.3,19.7,17.8,21.1,20.6,18.6,20.2,19.4,17.8,18.4,15.5,17.8,20.8,22,15.5,16.9,18,22,20.9,18.4,23.8,22.3,18.4,19.4,20.9,17.6,17.3,14,21.6,21.2,12.6,17.3,20.9,18.7,22.7,22.7,19.1,21.6,21.2,18,19.4,16.9,16.9,22,,,,,,22.2204,114.2127
2026-10-01T17:00,30.7,33.1,32.4,32.1,32.3,31,30.5,31.6,31.9,30.8,30.9,31,29.9,31.9,29.6,30.5,30,31.8,31.5,32.3,32.6,30.7,30,30.3,30.6,29.9,31.1,31.7,30,30.2,30.8,30.9,31.8,30.9,32.6,32.7,31.4,31.5,30.3,31,72,59,64,64,65,70,71,67,68,73,72,72,75,67,74,72,74,66,68,64,60,71,73,72,74,75,66,69,71,73,69,74,66,69,62,64,68,66,73,70,0,0,0,0,0,0,0.3,0.6,0,0.6,0,0,0,0,0.6,0,0,0,0,0,0,0,1.3,0.8,3.2,0.1,0,0,0.3,0,0.3,7.2,0,0,0,0,0.1,0,0.4,0,10.6,8,10.4,3.4,9.9,11.2,4,1.5,9.4,8.2,13.4,9,6.1,12,3.5,9.9,1.4,11.2,8.9,8.3,9.8,11.2,2.6,3.4,1.9,4.7,3.9,9.8,4.9,5.5,5.6,1.6,9,11.2,4.7,10.5,6.2,8.3,4,4.7,,,,,,,,,,,,,,,,,,,,,,,,,,,,,,,,,,,,,,,,,29.3,30.2,29.5,30.1,29.4,28.9,29.2,29.2,29.2,29.4,29.8,29.2,29.4,29,29.7,29.3,29.2,30.2,29.4,29.7,29.9,29.8,29,29.7,29.6,29.2,29.9,29.9,30.3,28.9,29.8,76,71,74,72,78,80,76,76,78,77,74,75,74,75,73,75,78,68,73,74,73,75,82,73,74,79,72,74,73,76,74,0.2,0.1,0,0,0.3,0,0,0.4,0,0.1,0.2,0,0,0,0,0,0,0,0,0.2,0.2,0.3,0.1,0,0.1,0.1,0,0.1,0.1,0.2,0.3,19.6,15,16.5,18.2,19.9,18.4,16.9,21.6,20.2,17.5,18.8,21.1,18.2,15.3,14.7,20.4,19.4,12,17,20,18.9,20.6,19.6,18.9,20.6,19.4,17.1,18.6,16.6,17.1,20.3,21.2,15.5,17.3,18.4,21.2,20.9,18,23.8,22.3,18,19.8,21.6,17.6,16.2,14.4,21.6,21.6,12.6,17.3,21.6,20.2,22.7,22,19.1,22.7,21.6,17.6,20.2,18.4,16.9,22,,,,,,22.2204,114.2127
2026-10-01T18:00,29.8,31.4,30.7,31,31,29.6,29.9,30.4,30.9,30.2,29.6,29,29.5,30.3,29.3,29.3,29.5,30.6,30.8,30.6,30.8,29.4,29.7,29.9,28.9,29.4,30.2,30.1,29.6,29.5,29.9,29.2,30.3,29.6,31.4,30.9,30.5,29.9,29.6,30.3,78,68,74,71,72,77,74,72,73,77,78,81,79,76,77,77,77,71,71,73,71,77,75,74,81,79,71,78,74,78,73,81,75,76,71,76,74,75,76,73,0,0,0,0,0,0,0,1,0.1,0,0,4.2,0,0,0,0,0,0,0,0,0,0,0,0,5.5,0,0,0,0,0.2,0,13.6,0,0,0,0,0,0,0.3,0,8.8,8.4,8.8,4.4,7.2,8.2,4.2,2.6,5.3,5.7,8.8,4,4.5,10.8,2.7,6.9,2.9,6.3,3.4,6.8,8.7,8.4,1.8,3.8,4.6,4.8,4,6.3,3.1,4.5,4,1.4,6.6,8,5.1,11.2,5.8,7.6,3.7,5,,,,,,,,,,,,,,,,,,,,,,,,,,,,,,,,,,,,,,,,,29,29.8,29.3,29.8,29.1,28.7,29,29,29,29.1,29.5,28.8,29,28.8,29.3,29,29,29.9,29.1,29.5,29.6,29.5,28.8,29.3,29.3,28.9,29.6,29.6,30,28.7,29.5,78,73,75,73,79,81,77,77,79,78,75,77,76,76,75,76,79,70,75,75,75,76,83,74,76,81,74,76,74,77,76,0.4,0.4,0,0.5,0.6,0.3,0.2,0.5,0.6,0.2,1.5,0,0.1,0,0.1,0,0.8,0.1,0,0.5,0,0.4,0.4,0,0,0.3,0.2,0.5,0.7,0,0.5,18.4,14.3,15,16.5,18.2,16.8,15.5,20.1,19.2,17.2,17.7,20.4,17.2,14,14.3,18.6,18.6,11.9,16.2,19.1,18.6,20.1,18.2,17.8,19.4,17.6,16.1,17.9,16.4,16.6,19,20.2,15.1,16.2,16.9,19.8,19.4,16.9,22.3,21.6,18,19.4,21.6,16.9,15.1,14.4,20.2,21.2,12.2,16.6,21.2,20.5,22.7,20.5,18.4,21.2,19.8,16.9,19.8,18.4,16.9,20.9,,,,,,22.2204,114.2127
2026-10-01T19:00,29.2,30,29.5,29.7,30.4,28.8,29.4,29.7,30.2,29.4,29,27.8,28.6,29.6,29,28.7,28.9,29.8,29.9,29.4,29.6,28.6,29.3,29.4,28.5,28.7,29.3,29.2,28.8,28.9,29.1,28.8,29.2,28.7,30.1,29.8,29.6,28.8,29,29.5,82,75,80,81,75,81,78,78,79,83,79,86,85,80,81,78,81,75,78,79,79,81,79,78,84,84,77,83,82,81,79,84,81,80,79,83,79,81,81,80,0,0,0,0.1,0,0,0,0.2,0.5,0,0,7.3,0.1,0,0,0,0,0,0.4,0,0,0,0,0,0,0,0,0,0,0.3,0,0,0,0,0,0,0,0,0,0,7.2,7.3,7.6,4,2.6,5,3.4,3.2,1.1,4,4.3,1.4,2.8,6.6,1.1,5,4.2,4,2.9,5.1,6,6.5,1.8,3.1,4.1,3.3,3.4,4.9,2.5,2,3.4,2.9,4.7,5.8,5.1,8.7,3.7,5.4,4.9,4.3,,,,,,,,,,,,,,,,,,,,,,,,,,,,,,,,,,,,,,,,,28.6,29.4,29,29.4,28.9,28.5,28.8,28.8,28.8,28.8,29.2,28.5,28.5,28.6,28.9,28.7,28.8,29.6,28.8,29.2,29.2,29.3,28.6,29,29,28.7,29.3,29.2,29.6,28.5,29.1,80,75,76,74,80,82,78,78,80,80,76,79,78,77,77,77,80,72,76,76,77,78,83,75,78,82,76,78,75,78,78,0.4,0.4,0,0.5,0.6,0.3,0.2,0.5,0.6,0.2,1.5,0,0.1,0,0.1,0,0.8,0.1,0,0.5,0,0.4,0.4,0,0,0.3,0.2,0.5,0.7,0,0.5,16.8,13,13,13.4,15.8,15.1,13.8,17.3,17.1,16.9,15.8,19.4,15.6,12.8,13.6,16.1,16.9,11,15.3,17.1,17.1,19.1,16.5,16.1,16.8,15.1,14.6,16.6,15.6,15.8,17.2,19.1,14.4,14.8,14.8,18,17.3,15.1,19.8,20.2,18,18,20.9,16.2,14.4,14,17.6,19.8,11.5,15.8,19.8,19.8,22.3,18,17.3,18.7,17.3,15.8,18.7,17.6,16.9,19.1,,,,,,22.2204,114.2127
2026-10-01T20:00,28.9,29.3,29,29.1,29.6,28.3,28.9,29.2,28.9,29,28.7,27.5,28.4,29.4,28.9,28.3,28.4,29.5,29,28.7,29,28.1,28.8,29.1,27.9,28.4,28.8,28.8,28.2,28.5,28.6,28.5,28.5,28.2,29.4,29.4,29.1,28.2,28.6,28.9,84,79,81,86,79,83,82,84,81,86,80,89,88,81,83,80,83,77,82,81,84,84,82,80,86,87,81,85,87,84,81,86,85,83,83,86,83,85,84,84,0,0,0,0,0.7,0,0,0,2.3,0,0,3.8,0,0,0,0,0,0,0,0,0.2,0,0,0,1.9,0,0,0,0,0,0,0,0,0,0,0,0,0,0,0,6.5,5.9,5,4,2.9,5.2,3.7,3.1,4.3,3.5,3.6,3,1.8,5.2,2.9,3.4,3.6,2.5,5.5,4,2.3,4,2.5,2.9,0.7,3.6,3.1,4.2,1.9,4,3.7,4.1,4.4,4.3,4,4.7,3.1,3.6,4.8,3.7,,,,,,,,,,,,,,,,,,,,,,,,,,,,,,,,,,,,,,,,,28.4,29.1,28.8,29.1,28.8,28.3,28.6,28.7,28.6,28.5,29,28.2,28.2,28.5,28.6,28.6,28.7,29.3,28.5,29.1,29,29.1,28.5,28.7,28.8,28.5,29.1,29,29.4,28.4,28.8,81,76,77,75,80,83,79,79,81,81,77,81,79,78,78,78,80,74,77,76,79,79,83,76,79,83,77,79,76,79,79,0.4,0.4,0,0.5,0.6,0.3,0.2,0.5,0.6,0.2,1.5,0,0.1,0,0.1,0,0.8,0.1,0,0.5,0,0.4,0.4,0,0,0.3,0.2,0.5,0.7,0,0.5,15.5,12.1,12.1,11.1,13.7,13.6,12.3,15,15.6,16.4,13.8,18.4,14.4,11.9,12.8,14.1,15.6,10.5,14.1,15.3,15.8,17.8,15.1,14.6,14.8,13.1,13.3,15.5,14.5,14.7,15.6,17.6,13.7,14,12.6,15.8,15.8,13.7,17.3,18.7,18,16.2,20.5,15.5,13.7,13.7,15.8,18.4,11.9,14.8,18,19.1,21.6,16.6,16.2,16.6,15.1,15.1,18,17.3,16.2,17.6,,,,,,22.2204,114.2127
2026-10-01T21:00,28.7,28.9,28.6,28.7,29,28.1,28.5,29,28.7,28.7,28.5,27.4,28.2,29.2,28.6,28,28.3,29.3,28.4,28.2,28.3,27.9,28,29,27.4,27.9,28.4,28.6,27.9,28.2,28.4,28.3,28.1,27.9,28.9,29.3,28.8,27.8,28.2,28.5,87,81,84,89,81,84,85,88,83,89,81,91,87,82,84,83,84,78,85,85,87,86,86,82,87,89,84,85,90,86,83,87,87,86,86,86,85,87,86,87,0,0,0,0,0.5,0,0,0,0.3,0,0,0,0.2,0,0.2,0,0,0,0,0,0.5,0,1,0,1.5,0.2,0,0,0,0,0,0,0,0,0,0,0,0,0.4,0,3.8,4.1,2.7,3.2,3.1,3.9,3.5,1.3,2.5,2.9,3.7,3.1,3.1,3.8,1.6,1.1,2.9,2,2.8,3.2,4.3,2.5,2,2.4,1.8,1.8,3.8,3.9,1.4,4.1,2.7,3.1,3.8,2.9,3.8,4.3,2.4,2.9,3.7,2.9,,,,,,,,,,,,,,,,,,,,,,,,,,,,,,,,,,,,,,,,,28.3,29,28.7,28.8,28.7,28.2,28.5,28.6,28.5,28.3,28.9,28.1,28.2,28.4,28.4,28.5,28.6,29,28.4,29,28.9,28.9,28.4,28.6,28.6,28.4,29,29,29.3,28.3,28.7,81,76,77,76,80,83,80,79,81,81,77,82,79,78,78,78,80,74,77,76,80,80,83,76,80,83,77,79,76,79,79,0.9,0.3,0.1,0.5,0.6,0.7,0.2,1.3,0.5,0.2,0.8,0.5,0.5,0.7,0.1,0,1.3,0,0,0.4,0.4,1,1.2,0.1,0.4,1.1,0.8,0.4,0.8,0,0.5,14.4,11.6,11.9,9.8,11.8,13.3,11.5,12.7,14.6,16.4,11.1,18,13.6,11.6,11.7,13.2,14.5,11,13,13.5,14.8,16,14.5,13.5,14.3,12.5,12.5,14.9,13.9,13.1,14.7,16.6,13.3,14.4,11.2,13.7,15.1,12.6,14.8,17.6,18.4,12.6,20.2,15.1,13.3,12.6,15.5,16.9,13.3,14,15.8,18.4,19.8,16.2,15.1,15.8,14.8,14.8,17.6,17.3,14.8,16.9,,,,,,22.2204,114.2127
2026-10-01T22:00,28.6,28.6,28.6,28.5,28.8,27.8,28.2,28.8,28.4,28.5,28.4,27.4,27.2,29.1,28.4,27.7,28,29.2,28.3,28,28,27.7,27.3,28.8,27.3,27.8,28,28.4,27.6,28,28.2,28.3,27.8,27.7,28.5,29,28.6,27.5,28.1,28.3,88,83,86,90,83,86,87,88,86,90,82,91,90,83,84,86,86,79,87,88,86,87,88,83,87,90,86,86,91,87,85,86,89,88,88,87,87,89,88,90,0,0,0,0,0,0,0,0.4,0,0,0,0,0.3,0,0.1,0,0.1,0,0,0,0.2,0,2.1,0,1,0.2,0.2,0,0,0.1,0,0.3,0,0,0,3.8,0,0,0,0,2.2,4,2.5,3.7,2.5,3.6,3.4,1.4,2.5,2.9,2.3,1.5,3.9,3.8,0.8,1.1,2.6,1.8,0.4,2.4,4.6,2.1,2.3,2.3,3.1,2.8,2.6,3.3,2.6,3.1,2.6,1.8,3.1,1.9,3.3,2.6,1.6,2.6,4,2.3,,,,,,,,,,,,,,,,,,,,,,,,,,,,,,,,,,,,,,,,,28.4,28.9,28.6,28.7,28.8,28.1,28.4,28.6,28.4,28.3,29,28,28.2,28.3,28.3,28.5,28.6,28.8,28.3,29,28.8,28.8,28.3,28.6,28.5,28.4,28.9,29.1,29.3,28.2,28.7,80,76,77,77,79,83,80,78,81,81,77,81,79,78,78,78,80,74,76,76,79,80,83,76,81,83,76,78,76,78,78,0.9,0.3,0.1,0.5,0.6,0.7,0.2,1.3,0.5,0.2,0.8,0.5,0.5,0.7,0.1,0,1.3,0,0,0.4,0.4,1,1.2,0.1,0.4,1.1,0.8,0.4,0.8,0,0.5,13.6,11.3,12.5,9.2,9.7,13.4,10.8,10.7,14.1,16.4,8.3,17.1,13.5,11.2,10.8,13.2,13,12.3,11.5,11.7,14.3,14.1,14.3,12.5,14.1,13,12,14.2,13.7,11.4,13.8,15.8,13,15.8,9.7,11.2,15.1,12.2,12.2,16.9,18.7,8.6,19.8,15.1,13.3,11.5,15.5,15.1,15.8,13.7,13,17.6,17.3,16.6,14.4,15.8,15.1,14,17.3,17.6,13,16.2,,,,,,22.2204,114.2127
2026-10-01T23:00,28.3,28.4,28.1,28.4,28.6,27.7,28,28.9,28.3,28.4,28.4,27.3,27.1,29,28.4,27.4,27.3,29.2,28.3,27.7,27.7,27.5,26.7,28.7,26.9,27.2,27.7,28.3,27.3,27.9,28.1,28.1,27.6,27.6,28.3,28.7,28.4,27.4,27.9,28.1,89,85,88,89,84,87,88,83,86,91,82,91,90,83,84,88,88,79,88,89,87,88,89,84,87,89,87,87,92,86,85,86,90,88,89,87,88,89,89,91,0.3,0,2.8,0,0,0,0,0,0,0,0,0,0,0,0,0,1.3,0,0,0,0,0,2.1,0,3.7,2.3,0.2,0,0,0.1,0,0.2,0,0,0,6.4,0,0,0,0,3.7,4.1,3.3,3.8,4.5,2.8,2.9,2.6,2.9,1.9,3.4,2.5,4.6,3.4,1.5,1.1,0.8,2.2,3,2.9,4.6,2.9,1.8,2.3,4.7,4.3,2.1,2.4,3.4,1.9,2.9,3.6,2.6,0.8,2.9,2.6,1.1,2.4,4.4,2.7,,,,,,,,,,,,,,,,,,,,,,,,,,,,,,,,,,,,,,,,,28.4,28.9,28.5,28.6,28.8,28.1,28.3,28.6,28.4,28.3,29,28,28.3,28.2,28.3,28.5,28.6,28.6,28.2,28.9,28.8,28.7,28.2,28.6,28.4,28.4,28.9,29.2,29.2,28.2,28.7,79,76,77,77,78,82,80,77,80,80,77,81,78,78,78,78,79,74,76,76,79,80,83,76,81,82,76,77,76,78,77,0.9,0.3,0.1,0.5,0.6,0.7,0.2,1.3,0.5,0.2,0.8,0.5,0.5,0.7,0.1,0,1.3,0,0,0.4,0.4,1,1.2,0.1,0.4,1.1,0.8,0.4,0.8,0,0.5,12.8,10.8,13.5,8,8.1,13.5,10.1,9,13.5,15.9,5.8,16.6,13,11.4,10,13,11.5,14.4,10.5,9.6,13.9,12.3,13.9,12,13.8,12.8,11.2,13.3,13.7,9.8,13.3,14.8,12.6,16.9,8.6,9,14.8,11.9,10.4,16.2,18.4,6.5,19.4,14.4,13.3,11.2,15.1,13,18.4,13,11.2,16.9,14.8,16.2,13.7,15.5,15.1,13.3,16.6,17.3,11.2,15.5,,,,,,22.2204,114.2127
2026-10-02T00:00,27.5,28.3,27.6,28.1,27.7,27.7,27.8,28.5,27.6,28.4,28.3,27.3,27,28.9,28.1,27.1,27.1,29.1,27.8,27.6,27.5,27.3,26.5,28.6,26.7,27.1,27.5,28.3,27.1,27.8,27.9,28,27.5,27.3,28.2,28.4,28.2,27.2,27.8,27.9,90,86,89,89,84,88,90,88,87,91,82,92,91,83,84,91,88,80,87,90,88,90,90,84,85,88,87,87,92,85,85,87,90,89,89,88,89,90,89,90,2.5,0,6.6,0,1.8,0,0,0,0.6,0,0,0,0,0,0.4,0,1,0,0.4,0,0,0,1,0,2.6,0.5,0.8,0,0,0,0,0,0,0,0,4.8,0,0,0,0.3,5.9,4.6,4.9,4.3,5.4,2,2.5,3.6,5,1.1,2.6,1.9,4.7,4.7,2.7,1,2.9,3.6,2.8,2.2,4.4,2.3,2.1,2.3,5.1,3.3,1.5,2.3,2.8,2.6,3.3,3.3,2.5,0.7,2.2,3.8,1,2.1,3.3,3,,,,,,,,,,,,,,,,,,,,,,,,,,,,,,,,,,,,,,,,,28.3,28.7,28.4,28.6,28.7,28,28.1,28.5,28.4,28.2,28.9,28,28.2,28,28.2,28.5,28.6,28.3,28,28.8,28.8,28.7,28.1,28.4,28.4,28.4,28.8,29.2,29.2,28.1,28.6,79,76,77,77,78,81,80,77,79,79,76,80,78,78,77,77,78,75,76,75,78,79,83,76,79,81,76,77,76,78,76,1,1,0.2,0.2,0.4,0.9,0.9,0.2,0.5,1.2,0.3,0.6,0.4,1.3,0.5,0.5,0.5,0,0,0.5,0.4,0.7,1.2,0.1,1.3,1.1,0.3,0.3,0.6,0,0.5,11.8,9.9,14.6,6.8,6.3,13.2,9.9,8,13.2,14.5,5.4,16,11.7,12,10.2,12.4,8.9,16.8,10,7.4,13.7,10.3,12.8,11.9,13,11.5,9.9,12.3,13.1,8.3,12.5,13.7,11.9,18,7.2,7.6,14.4,12.2,9,16.2,16.6,7.6,19.1,12.6,13.7,11.9,13.3,10.4,21.2,12.2,9.7,16.9,12.6,14.8,13.3,14.8,13.7,11.5,15.8,16.2,9.7,14.8,,,,,,22.2204,114.2127
2026-10-02T01:00,26.8,28.3,27.4,27.1,27.5,27.6,27.7,28.2,27.4,28.4,28.2,27.3,27,28.9,27.6,27,27,28.9,27.4,27.5,27.3,27.2,26.5,28.4,26.8,26.9,27.3,28.3,26.9,27.7,27.7,27.7,27.5,27.1,28.2,28.4,28.1,27.2,27.5,27.6,91,86,89,89,82,88,91,90,88,90,83,92,92,83,86,92,88,80,88,90,90,90,90,85,85,88,88,87,93,86,86,87,90,91,88,88,90,90,89,88,2.3,0,7.4,0.4,0.5,0,0,0,0,0,0,0,0,0,1.6,0,0.1,0,0.2,0,0,0,0,0,0,0.1,1.3,0,0,0,0,1.8,0,0,0.2,0,0,0,0.3,0.8,5.8,4.1,4.4,4.8,4,1.5,2.3,3.7,5.2,2.3,1.5,2.3,4.8,3.2,2.9,0.8,1.8,3.3,4.8,1.8,4.6,3.7,1.3,2.1,3.8,3.8,1.6,1.5,3.2,3,3.3,1.8,2.6,0.7,2.3,5.1,1.5,1.8,3.2,2.9,,,,,,,,,,,,,,,,,,,,,,,,,,,,,,,,,,,,,,,,,28.3,28.5,28.1,28.6,28.7,27.9,28,28.4,28.4,28.2,28.8,28,28.2,27.8,28.1,28.5,28.5,28.1,27.9,28.6,28.8,28.8,27.9,28.2,28.4,28.5,28.8,29.2,29.1,28,28.5,79,75,78,76,78,81,80,77,79,77,76,79,77,79,76,76,77,77,76,75,78,77,82,75,77,80,76,77,77,77,76,1,1,0.2,0.2,0.4,0.9,0.9,0.2,0.5,1.2,0.3,0.6,0.4,1.3,0.5,0.5,0.5,0,0,0.5,0.4,0.7,1.2,0.1,1.3,1.1,0.3,0.3,0.6,0,0.5,11.1,8.9,15.9,5.4,5.4,13,10.4,7.6,13.8,12.6,8.4,15.3,10,12.5,11.2,11.8,6.1,19.6,9.2,6.8,13.6,8.6,11,11.8,12,9.7,8.2,11.4,12.4,7.2,12,12.6,10.8,19.1,6.5,6.8,14,13,7.9,16.2,14,10.8,18.4,10.4,14.4,13.7,11.2,7.6,24.1,11.2,9.4,16.9,10.8,12.6,13,13.7,11.9,9,14.8,14.4,8.3,13.7,,,,,,22.2204,114.2127
2026-10-02T02:00,26.3,28.2,27.1,26.9,27.3,27.6,27.6,28,27.3,28.4,28.1,27.3,26.9,28.7,27.1,26.8,26.9,28.5,27.2,27.6,27.2,27.1,26.3,28.3,26.5,26.7,27,28.3,26.7,27.5,27,27.3,27.4,27,27.8,28.2,27.3,27.2,27.4,27.2,92,87,90,88,83,87,91,91,88,89,84,92,91,83,88,94,88,83,88,90,90,91,91,86,87,89,89,87,92,86,88,89,90,92,89,89,90,89,90,88,3.6,0,5.5,0.3,0,0,0,0,0,0,0,0,0.1,0,0.8,0,0,0,0,0,0,0,0.8,0,1.2,0,0.6,0,0,0,0.4,2.7,0,0,2.5,3.5,1.7,0,0,0.2,4.1,2.3,4.8,3.9,5.9,1.8,2.7,3.6,5.5,1.5,1.4,2.4,5.1,3.7,3.9,1.3,1.8,2.5,5.4,2.7,5.6,1.9,1.5,1.6,3.6,5.1,2.4,0.7,3.4,3.6,3.7,1,2,1.3,2.6,4.3,3,2.4,2.9,3.4,,,,,,,,,,,,,,,,,,,,,,,,,,,,,,,,,,,,,,,,,28.2,28.3,28,28.6,28.6,27.8,27.8,28.3,28.4,28.2,28.7,28.1,28.1,27.7,28,28.5,28.5,27.9,27.8,28.5,28.8,28.9,27.9,28,28.4,28.6,28.8,29.1,29,27.8,28.4,78,75,78,75,78,80,79,77,78,76,75,78,77,79,76,75,76,78,76,74,77,76,81,75,75,79,76,77,77,77,75,1,1,0.2,0.2,0.4,0.9,0.9,0.2,0.5,1.2,0.3,0.6,0.4,1.3,0.5,0.5,0.5,0,0,0.5,0.4,0.7,1.2,0.1,1.3,1.1,0.3,0.3,0.6,0,0.5,9.7,8.9,16.8,6,5,12.5,11.2,7.5,13.4,9.9,12.1,14.5,8.6,13,12.9,9,4.6,22,9.2,8.4,12.1,6.6,9.3,11.4,10.4,8.1,6.6,10.2,10.5,6.5,10.5,11.5,10.8,20.2,7.2,6.5,13.3,14,8.6,15.8,11.9,14,17.3,9.4,15.1,15.5,10.4,5.8,27,10.8,10.1,15.8,9,10.4,12.6,12.6,10.1,7.9,13.3,13,7.6,12.2,,,,,,22.2204,114.2127
2026-10-02T03:00,26.1,28.3,27,26.4,27.1,27.6,27.5,27.8,27.1,28.4,28,27.3,26.8,28.1,27.1,26.7,26.9,28.2,26.8,27.4,27.2,27,26.1,28.2,26.3,26.6,26.9,28.2,26.5,27.4,26.9,26.9,27.5,26.9,27.3,28,26.7,27.1,27.4,27,93,87,90,88,83,87,91,92,88,89,84,91,90,84,88,94,89,84,88,89,88,91,92,86,88,87,89,87,91,86,88,89,89,93,91,89,90,89,90,88,3.2,0,4.8,0.6,0,0,0,0,0,0,0,0,0.2,0.3,0,0,0,0,0.4,0.9,0,0,0.7,0,2.5,0,0.1,0,0,0,0.1,2.3,0,0,8.1,6.9,2,0,0,0,4.4,1.6,4.8,4,5.4,2.2,2.5,4.1,7.5,3.6,0.4,1.8,5.4,4.7,3.1,1.1,2.5,3,3.8,2.5,5.8,2.3,1.5,1,3,5.4,2.7,1.4,3.4,4.4,3.8,0.5,2.5,0.8,4.5,6.3,3.6,2.7,2.8,4.5,,,,,,,,,,,,,,,,,,,,,,,,,,,,,,,,,,,,,,,,,28.1,28.2,27.9,28.4,28.4,27.7,27.8,28,28.3,28.2,28.4,28.1,28,27.5,27.9,28.5,28.3,27.6,27.7,28.3,28.7,28.8,27.9,27.9,28.3,28.5,28.6,29,28.7,27.6,28.3,77,75,78,74,77,80,78,77,77,75,75,77,77,79,77,74,75,79,77,74,76,75,78,74,74,79,76,77,78,78,74,1.1,1.1,0.2,0.3,0.8,1.2,1.8,0.6,1,0.5,1.2,0.7,1,0.5,0,1.5,0.7,0.1,0.2,1.2,1.1,1.3,0.7,0.1,1,0.5,0.5,1.8,3,0.4,0.4,8,10.5,17.1,9,5.2,11.5,11.9,8.9,12.4,5.6,14.7,13,7.2,13.9,14.5,4.8,5.1,24.6,9.7,10.9,8.9,4.2,6.9,10.7,8.1,7.1,6.2,9,7.3,6.9,8.1,10.1,12.6,21.2,11.2,6.5,11.9,15.1,11.2,14.8,10.4,16.9,15.5,9.4,16.6,17.3,11.5,6.1,29.9,11.2,13,11.9,7.6,8.3,11.9,10.4,8.6,9,11.2,11.5,8.3,9.4,,,,,,22.2204,114.2127
2026-10-02T04:00,26.1,28.3,26.9,26.3,26.8,27.4,27.4,27.8,26.8,27.9,28,27.2,26.6,27.4,27,26.9,26.8,28,26.5,27.1,27,26.9,26.1,28.1,26.1,26.5,26.8,28.1,26.4,27.3,26.8,26.8,27.6,26.8,27.2,27.9,26.4,27,27.3,26.9,93,85,91,88,84,86,92,90,87,89,85,92,90,86,89,91,89,86,88,90,87,92,92,87,89,87,90,87,91,86,89,89,88,93,92,90,89,89,91,89,2.8,0,2.2,0.8,0.6,0.1,0,0,0.4,4.2,0,0,0.1,1.2,0,0,0,0,0.4,2.5,0.1,0,0.1,0.4,2.7,0.1,0,0,0,0,0,3,0,0,4.1,11.4,2,0,0,0,4.2,5.5,3.1,3.1,3.8,3.3,2.8,5.6,4.6,2.9,1.3,4.8,4.7,4.7,3.3,1.9,2.5,3.2,4.1,3.8,5.4,3.9,1.5,1.5,4,4.3,2.6,2.9,3.5,4,2.7,1.9,2.4,1.3,5.1,5.4,3.3,2.9,3.4,4.5,,,,,,,,,,,,,,,,,,,,,,,,,,,,,,,,,,,,,,,,,28,28.2,27.8,28.3,28.3,27.6,27.8,27.7,28.3,28.3,28.2,28.2,27.9,27.4,27.7,28.4,28,27.3,27.5,28.2,28.7,28.6,27.9,27.9,28.2,28.3,28.5,28.9,28.3,27.3,28.2,75,74,78,74,77,80,76,77,76,74,76,76,76,79,78,73,74,80,78,74,76,75,75,73,73,79,75,76,78,79,73,1.1,1.1,0.2,0.3,0.8,1.2,1.8,0.6,1,0.5,1.2,0.7,1,0.5,0,1.5,0.7,0.1,0.2,1.2,1.1,1.3,0.7,0.1,1,0.5,0.5,1.8,3,0.4,0.4,6.8,13,17.7,13.8,5.8,9.9,13,12.9,11.2,4.4,17,11.3,8.2,15.3,16.3,6.9,6.4,28.1,10.7,14.5,4.7,2.7,4.8,9.7,6.5,6.4,9.2,7.9,6.6,8.7,4.9,8.6,15.5,22.7,17.3,7.2,10.1,16.9,15.5,13.3,9.4,20.2,13.3,10.4,18,19.8,13.7,7.6,32.8,12.6,17.6,6.8,6.8,6.1,11.2,8.3,7.2,11.2,8.6,10.8,9.7,6.1,,,,,,22.2204,114.2127
2026-10-02T05:00,26.1,27.9,26.8,26.2,26.3,27.1,27.4,27.8,26.7,27.5,27.9,26.8,26.5,27,26.9,26.7,26.7,27.7,26.2,26.8,26.7,26.8,26.1,28,26,26.2,26.6,28,26.2,27.1,26.3,26.6,27.6,26.9,27.1,27.8,26.2,26.9,27.2,26.7,92,88,91,88,86,87,92,88,87,90,85,93,90,87,90,92,90,86,87,92,89,92,92,87,89,88,91,87,91,88,89,90,88,91,91,91,89,89,92,89,2.4,0,0.7,0.5,4,0.1,0,0,0.1,6.1,0,2.1,0.6,0.8,0,0,0,0.1,0.2,4.4,0.1,0,0.5,0.3,3.2,0.7,0,3.6,0.1,0,0.5,2.6,0,0,2.8,13.4,2.7,0,0,0,3.4,4.6,4.1,2.8,3.2,3.3,3.1,5.4,3.4,3.1,0.7,4.3,4.7,5.1,4,0.4,2.9,4.3,4.4,4.7,5.4,1.8,1.8,2,4,4.4,3.1,2.1,3.8,4,3.1,3.1,3.3,2.9,4.6,4.1,1.6,3.3,4,5.1,,,,,,,,,,,,,,,,,,,,,,,,,,,,,,,,,,,,,,,,,28,28.2,27.8,28.1,28.2,27.6,27.8,27.5,28.3,28.3,28,28.3,27.8,27.3,27.6,28.2,27.8,27.1,27.5,28,28.6,28.4,28,27.9,28.1,28.3,28.3,28.7,28,27.1,28.1,74,74,78,74,76,79,75,77,75,74,76,75,76,79,79,73,73,80,79,74,75,75,73,73,72,78,75,76,79,80,72,1.1,1.1,0.2,0.3,0.8,1.2,1.8,0.6,1,0.5,1.2,0.7,1,0.5,0,1.5,0.7,0.1,0.2,1.2,1.1,1.3,0.7,0.1,1,0.5,0.5,1.8,3,0.4,0.4,6.9,15.5,18.9,18.5,7.6,8.6,15.2,17.4,9.3,8.2,19,9.5,10.5,17.3,18.2,13.6,8,31,12.4,17.9,0.5,3.5,4.1,9.8,6.9,4.9,12.9,5.4,9.4,10.9,3.9,8.3,18.4,24.1,22.7,9,9,19.1,19.8,11.5,9.4,23,11.5,12.2,19.8,22.3,17.3,9.4,34.6,14,22.3,5.4,6.5,5.4,11.9,7.9,6.1,14,7.2,11.5,11.5,5,,,,,,22.2204,114.2127
2026-10-02T06:00,26,27.8,26.8,26.2,26.1,27,27.3,27.7,26.4,27.3,27.9,26.5,26.3,26.7,26.8,26.5,26.5,27.3,26.1,26.6,26.4,26.7,26.1,28,25.9,26,26.6,28,26.1,27,26.1,26.6,27.5,26.8,27.1,27.6,25.9,26.9,27.3,26.6,92,87,91,88,87,88,92,89,88,91,85,94,90,87,90,93,91,86,86,93,89,93,92,87,89,89,91,87,90,88,89,90,89,92,92,91,88,90,91,88,2,0.3,0.5,0.1,2.6,0,0,0,3.5,1.2,0,8.8,0.9,0.8,0,0,0.2,0.6,0,1.4,0.2,0,0.1,0.2,2.3,1.4,0,0,0.3,0,0.4,2,0,0,6.7,12.5,2.9,0,0,0,3.7,6,6,2.9,3.9,3.4,3.6,5.2,5.8,2.8,2.2,4.8,4.6,3.3,4.2,0.4,3.5,3.8,4.6,3.4,4.6,2.5,2.3,1.5,4.3,4.7,2.9,0.8,3.3,5.2,2.3,3.2,2.9,3.7,3.2,6.5,1.1,2.2,4,4.8,,,,,,,,,,,,,,,,,,,,,,,,,,,,,,,,,,,,,,,,,28,28.1,27.8,27.9,28.2,27.7,27.6,27.3,28.4,28.2,27.9,28.4,27.7,27.3,27.6,27.7,27.8,27.1,27.5,27.7,28.5,28.3,28.1,27.7,28.1,28.3,28.2,28.2,27.7,27.1,28,73,74,78,75,76,77,76,78,74,74,76,73,75,79,79,76,73,80,79,76,74,74,72,74,72,76,75,77,80,79,72,1,1.8,0.4,0.7,1.3,0.5,1.1,1.2,0.4,1,2.5,0.6,2.2,0.5,0.2,1.2,1.3,0,0.7,1.7,1.3,2.3,0.1,0.2,0.3,1.1,1.5,3.6,2.1,0.6,0.4,7.9,17.5,21.5,22.3,10.9,7.7,18.4,21.6,6.8,10.9,21,7.9,13.2,19.1,21,20.4,9.7,31.4,14.3,22.7,7,5.1,5.4,11.2,9.7,2.9,15.9,1.1,12.8,12.7,7.2,9.4,20.9,26.6,26.6,12.6,8.3,22.7,24.5,8.6,11.2,25.6,9.7,15.1,22,25.6,23.8,11.2,34.9,16.2,27.7,10.1,6.8,7.2,14.4,10.8,5.4,17.6,7.6,15.5,14,8.3,,,,,,22.2204,114.2127
2026-10-02T07:00,26,27.3,26.9,26.1,25.9,27.1,27.5,27.8,26.2,26.8,27.9,26.4,26.1,26.6,26.9,26.8,26.5,27,25.9,26.5,26.2,26.8,26.2,28.1,25.9,25.9,26.7,27.9,26,27,26.1,26.4,27.6,27.1,27.1,27.4,25.7,27.1,27.4,26.6,92,90,91,90,88,87,91,86,88,93,84,94,91,88,89,92,90,87,86,93,90,93,92,86,89,89,90,88,89,86,89,90,90,91,92,91,88,90,91,88,2,1.9,0.2,0.5,1.7,0.2,0,0,2.1,4.3,0.1,9,1,2,0,0,0.4,0.4,1.2,4.6,0.3,0,0,0.9,1.7,1.5,0,2.1,0.5,0,0.1,1.6,0,0,7.5,5.9,3.8,0,0.3,0,3.7,6.2,5.6,3.2,4.1,2.2,4.1,6.9,4.7,2.2,3.7,2.7,5.1,2.9,4.2,1.6,3.5,3.2,3.7,3.4,3.9,3.2,2.1,1.6,3.9,4.5,2.9,1.5,3.3,6.3,2.1,4.5,1.9,4,4.5,3.8,2.2,2.1,3.8,5.5,,,,,,,,,,,,,,,,,,,,,,,,,,,,,,,,,,,,,,,,,28,28,27.8,27.7,28.3,28,27.4,27.3,28.6,28.1,27.8,28.5,27.8,27.4,27.8,27.2,27.9,27.1,27.5,27.5,28.4,28.2,28.1,27.5,28.1,28.4,28.1,27.7,27.4,27.3,28,72,75,78,77,75,74,78,78,73,74,76,72,75,79,78,79,73,79,78,78,74,73,73,76,72,73,76,78,81,78,73,1,1.8,0.4,0.7,1.3,0.5,1.1,1.2,0.4,1,2.5,0.6,2.2,0.5,0.2,1.2,1.3,0,0.7,1.7,1.3,2.3,0.1,0.2,0.3,1.1,1.5,3.6,2.1,0.6,0.4,9.7,19.2,24.6,26,14.4,7.1,22.4,25.2,3.9,12.3,22.7,6.5,15.7,20.3,24.5,27,11.8,30.7,16.7,28.2,14.7,6.4,7.7,15.3,13.8,3.3,18.6,4.7,17.6,15.1,12.7,11.2,23.4,29.2,30.2,17.3,8.3,27,29.2,5.4,14,27.4,7.9,18.4,24.1,29.2,31.7,13.3,34.6,18.7,33.1,18.4,7.6,10.4,18.4,15.5,5.8,21.6,9.4,21.2,17.3,13.7,,,,,,22.2204,114.2127
2026-10-02T08:00,25.9,27,27,26.3,25.8,27.3,28.1,28.1,26.3,26.6,28.2,26.2,26.1,26.6,27.6,27.3,26.9,26.8,26.1,26.4,26.6,27.6,26.5,28.3,26.1,26.1,27.1,27.7,26.2,27.6,26.4,26.5,27.9,27.8,27.1,27.3,25.9,27.8,28.1,27,92,92,90,89,88,86,87,80,87,95,82,95,90,88,85,90,89,86,85,93,89,89,92,86,88,89,88,89,88,82,87,89,87,86,92,92,85,86,86,85,2.8,1.7,1,0.5,1.8,0.1,0,0,0.5,5.8,0.1,3.8,1,2.4,0,0,0.1,1.3,0.5,3.3,0.2,0,0.1,1.2,1.7,1.2,0,7,0.9,0,0.3,1.5,0,0,6.9,4.1,4.1,0,0,0,4.5,4.8,5.9,3.6,3.1,3.6,4.9,10.4,4,2.9,3.9,3.6,5.4,2.2,4.5,2.2,3.9,3.1,2.7,5.6,4.7,4,2.4,1.8,4.3,4.3,2.7,2.3,4.1,6.2,2.4,4.6,2.7,5.2,4.7,4.1,3.3,1.5,3.6,6,,,,,,,,,,,,,,,,,,,,,,,,,,,,,,,,,,,,,,,,,28.1,28,27.9,27.6,28.4,28.3,27.3,27.3,28.8,28,27.9,28.7,27.8,27.6,27.9,26.8,28,27.1,27.6,27.3,28.3,28,28.3,27.3,28.1,28.6,28.1,27.4,27.1,27.5,28.1,72,75,78,78,75,71,79,79,72,74,76,70,74,78,77,82,73,78,77,79,74,73,73,78,72,71,76,78,82,77,73,1,1.8,0.4,0.7,1.3,0.5,1.1,1.2,0.4,1,2.5,0.6,2.2,0.5,0.2,1.2,1.3,0,0.7,1.7,1.3,2.3,0.1,0.2,0.3,1.1,1.5,3.6,2.1,0.6,0.4,11.8,20.9,27,28.6,18.3,7.9,25.3,28.2,3,14.4,24.2,5.9,18.4,21.8,27.7,32,13.8,30.3,19.1,32.4,21.1,7.6,9.8,21.2,17.5,6.4,20.8,9.2,22,17.3,17,13.7,25.6,31,33.1,21.6,8.6,30.2,32.8,4.7,17.3,28.8,7.2,21.6,26.3,32.4,37.8,15.5,34.6,21.6,37.4,25.2,9,13,23.4,19.8,7.2,24.8,11.5,25.9,20.2,18.4,,,,,,22.2204,114.2127
2026-10-02T09:00,26.4,27,27.3,27,26.2,27.7,28.6,28.7,26.5,26.7,28.7,26.3,26.3,26.6,28.6,27.6,27.6,27,26.2,26.5,27.1,28.6,26.8,28.3,26.2,26.4,27.5,27.6,26.5,28.3,26.9,26.6,27.9,28.2,27.3,27.8,26.4,28.2,28.8,27.6,90,92,87,85,87,84,84,77,87,94,79,94,89,88,80,87,85,85,84,91,86,82,90,86,88,88,86,89,87,78,85,89,87,84,90,89,83,84,82,81,0.2,3.4,0.1,0.2,0.3,0.4,0,0,0.8,1.9,0,0.9,0.5,2.7,0,0.1,0,0.6,0.5,1.7,0.1,0,0,2.7,1.2,0.9,0,5.1,0.4,0,0.3,0.9,3,0.2,0.7,0.1,0.7,0.8,0.1,0,3.9,3.9,6.6,4.2,3.6,4,6.8,11.4,3.9,2.9,4.7,3.7,4.7,2.3,5,2.9,3.2,4,3.1,5,5.3,3.6,3.2,1.5,5.7,4.8,4.2,1.3,4.3,6.9,2.3,4.9,3.1,6.1,5.4,4.4,2.5,2.2,4.8,6.9,,,,,,,,,,,,,,,,,,,,,,,,,,,,,,,,,,,,,,,,,28.2,28.1,28.1,27.6,28.5,28.6,27.5,27.4,29,28,28,28.9,28,27.8,27.8,26.8,28.1,27.3,27.7,27.4,28.2,27.9,28.5,26.9,28.2,28.8,28.3,27.4,26.7,27.6,28.2,72,75,77,78,75,69,78,79,71,74,75,68,73,77,77,82,73,78,76,79,75,74,73,80,73,70,75,78,85,77,73,1.4,2.5,0.6,1.1,1.2,0,1.1,1.3,0.6,1,2.3,0.3,1.4,1,0.1,1.6,1.4,0,0.2,1.1,2.6,1.8,0.8,0.2,0.2,1.2,1.1,0.7,3.9,0.2,1.2,14.9,22.7,27.8,29.9,22.3,8.9,26.8,30.1,7.5,17.8,24.9,7.4,21,23.5,31.1,34.2,16,30.6,22.6,34.2,24.9,8.9,11.8,28.5,20.9,11.3,22.5,12.1,24.2,19.8,19.5,16.9,27.4,31.3,34.9,25.9,9.4,31.7,34.6,8.3,20.5,28.8,8.6,24.1,28.1,36,40.3,17.6,35.3,25.2,39.6,29.2,10.8,14.4,31.3,23,11.9,26.6,14,28.8,22.7,20.9,,,,,,22.2204,114.2127
2026-10-02T10:00,27.1,27.1,27.7,28,26.8,28.3,29.3,29.4,26.8,27.1,29.3,26.5,26.6,26.8,29.8,28,28.6,27.3,26.5,26.6,27.9,29.8,27.3,28.3,26.4,26.8,28,27.5,26.9,29.3,27.4,26.6,27.8,28.5,27.5,28.5,27.1,28.7,29.5,28.5,87,91,83,80,84,82,81,73,86,93,76,93,88,88,74,83,80,84,82,89,83,73,86,85,88,87,83,88,85,74,82,88,87,82,86,86,81,82,77,77,0.2,3.4,0.1,0.2,0.3,0.4,0,0,0.8,1.9,0,0.9,0.5,2.7,0,0.1,0,0.6,0.5,1.7,0.1,0,0,2.7,1.2,0.9,0,5.1,0.4,0,0.3,0.9,3,0.2,0.7,0.1,0.7,0.8,0.1,0,4.3,3.1,7.6,6.8,4.2,4,9.7,12.6,4.8,2.5,5,4,4.5,2.7,7.4,4,3.1,5.4,3.9,4.5,6,2.9,3.9,1,7.9,6.9,7.3,1.5,4.3,8.9,2.6,5,3.3,7.8,6.7,5.8,2,2.3,8.4,8.3,,,,,,,,,,,,,,,,,,,,,,,,,,,,,,,,,,,,,,,,,28.4,28.4,28.3,27.7,28.5,29,27.8,27.5,29.2,28.1,28.3,29.1,28.3,28,27.7,26.9,28.3,27.5,27.9,27.6,28.1,27.8,28.7,26.5,28.2,29.1,28.6,27.6,26.2,27.8,28.3,72,75,76,78,74,67,76,78,70,74,75,67,73,76,78,82,72,78,76,79,75,75,72,83,74,70,74,77,88,77,74,1.4,2.5,0.6,1.1,1.2,0,1.1,1.3,0.6,1,2.3,0.3,1.4,1,0.1,1.6,1.4,0,0.2,1.1,2.6,1.8,0.8,0.2,0.2,1.2,1.1,0.7,3.9,0.2,1.2,18.6,24.5,27.6,30.2,26.6,10.2,27.6,30.8,13.2,21.3,24.5,10.6,23.3,25.2,34.6,34.6,18.1,31.3,26.4,34.7,27.8,10.8,13.4,36.4,23.8,16.6,23.3,14.6,26.3,22.8,20.6,20.5,28.4,31,35.6,29.9,10.8,32,35.3,14.4,24.1,28.4,11.5,25.9,29.2,39.2,41,19.8,36.4,28.8,40.7,32,13.3,15.5,40.7,25.9,18,27.7,16.9,30.6,25.2,22.7,,,,,,22.2204,114.2127
2026-10-02T11:00,27.6,27.3,28.1,28.7,27.3,28.7,29.8,30,27.2,27.4,29.7,26.6,27,26.9,30.7,28.4,29.4,27.5,26.8,26.9,28.5,30.8,27.7,28.2,26.6,27.2,28.4,27.5,27.2,30.1,28.1,26.9,27.8,28.8,27.8,29,27.8,29.1,30.1,29.2,85,89,80,76,83,80,78,70,85,91,74,92,86,88,70,80,76,83,81,86,80,66,83,85,87,85,81,88,84,71,79,87,87,80,83,83,80,80,74,74,0.2,3.4,0.1,0.2,0.3,0.4,0,0,0.8,1.9,0,0.9,0.5,2.7,0,0.1,0,0.6,0.5,1.7,0.1,0,0,2.7,1.2,0.9,0,5.1,0.4,0,0.3,0.9,3,0.2,0.7,0.1,0.7,0.8,0.1,0,5.4,2.1,9,9.2,5.1,4.7,12.7,13,6.3,1.8,5.5,4.3,5.8,3.2,9.8,4.4,4.5,6.1,5,4,6.9,2.4,5,1.1,8.8,8.7,10.4,2.1,5.2,10.3,3.6,5,4,8.9,7.1,6.6,2.9,2.1,11.7,9.4,,,,,,,,,,,,,,,,,,,,,,,,,,,,,,,,,,,,,,,,,28.6,28.5,28.5,27.8,28.6,29.2,28,27.6,29.2,28.2,28.4,29.2,28.4,28.2,27.6,27.1,28.5,27.6,28,27.8,28.1,27.6,28.8,26.2,28.2,29.2,28.9,27.8,25.9,27.8,28.3,72,75,75,77,74,66,75,78,70,74,74,66,73,75,78,81,72,78,75,78,76,77,72,84,75,70,73,76,90,77,74,1.4,2.5,0.6,1.1,1.2,0,1.1,1.3,0.6,1,2.3,0.3,1.4,1,0.1,1.6,1.4,0,0.2,1.1,2.6,1.8,0.8,0.2,0.2,1.2,1.1,0.7,3.9,0.2,1.2,21.1,25.7,27.3,30.7,29.2,11,27.6,31.8,17.7,24.1,23.7,13.2,24.7,25.9,37,34.2,19.5,32.4,29.3,34.6,29.5,13.6,14.7,41.5,25.9,20.8,23.5,17.3,27.7,25.7,22.1,23,28.8,30.2,36,32.4,11.9,32,36,19.1,26.6,27.4,13.7,27.4,29.5,41,40.7,21.2,37.4,31.7,41,33.5,15.8,15.8,46.8,28.1,22.7,27.7,19.8,31.7,27.7,24.5,,,,,,22.2204,114.2127
2026-10-02T12:00,27.7,27.7,28.6,29.1,27.4,28.9,29.9,30.5,27.6,27.4,29.8,26.7,27.3,27,31.1,28.6,29.9,27.3,27.3,27.4,28.8,31.5,28,28,26.8,27.5,28.7,27.5,27.3,30.5,28.8,27.4,27.8,29,28.3,29.2,28.2,29.6,30.2,29.5,85,86,77,74,83,79,75,68,83,90,74,91,84,87,69,79,73,84,80,83,79,61,80,86,86,83,79,88,84,69,75,84,86,78,80,82,79,78,73,73,2.7,1.4,0,0,0.4,1,0,0,0,1.8,0.1,0.8,0.3,1.3,0,0.5,0,1.3,0.6,0,0.9,0,0,6.3,0.7,0.2,0,1.8,1,0,0.1,0.2,2,0.4,0,1.6,0.3,1.6,0.3,0.2,6.5,1.3,9.7,10.6,5.8,6.2,14.4,13.6,6.5,2.3,5.9,4.8,6.8,3.9,10.2,4.6,6.2,6.5,5.8,4.2,8.3,2.6,6.4,1,8,9.5,12.3,1.8,6.1,10.8,4.9,5.4,4.3,9.4,6.4,6.7,4.3,1.4,13.7,10.2,,,,,,,,,,,,,,,,,,,,,,,,,,,,,,,,,,,,,,,,,28.6,28.6,28.5,27.9,28.7,29.3,28.2,27.7,29.1,28.2,28.4,29.2,28.4,28.3,27.6,27.1,28.5,27.7,28,27.9,28.1,27,29,26.3,28.2,29,29,28,25.9,27.6,28.1,73,75,75,77,73,66,75,78,71,74,74,66,73,75,77,80,72,78,75,78,76,81,71,83,75,71,72,75,90,78,75,0.6,0.3,0,0.1,0.6,0,0.1,0.7,0.4,1.1,3.2,0.3,0.5,0.2,0,1,1.3,0,0.1,0.1,1,2.9,1.9,0,0,1.6,0,0.2,1.6,0,1,21.8,25.3,26,30.8,28.9,11.7,27.4,33.2,19.2,24.5,22,13.9,25.4,25.2,36.6,33.5,20.3,33.1,30.1,33.8,29.6,16.8,14.3,42.5,26.3,22.5,22.7,20.5,27.4,29.2,23.9,23.4,28.1,28.4,35.3,32.4,12.2,31.3,37.4,20.5,27.4,26.3,14,27.4,28.1,40.7,39.6,22,38.2,32.4,40.3,33.1,19.1,15.5,47.5,28.4,24.1,26.3,22.7,31.3,30.2,26.6,,,,,,22.2204,114.2127
2026-10-02T13:00,27.7,28.3,29.3,29.3,27.4,28.9,29.7,30.8,28,27.3,29.8,26.8,27.7,27,31.1,28.9,30.2,26.8,27.9,28,28.9,31.9,28.3,27.6,26.9,27.8,28.9,27.5,27.4,30.7,29.5,28.1,27.9,29.3,28.9,29.2,28.6,30,30.1,29.7,86,83,74,74,84,79,73,67,81,89,74,91,82,87,69,79,71,86,79,79,78,58,78,87,84,81,76,88,84,69,71,80,86,76,77,81,78,76,74,73,2.7,1.4,0,0,0.4,1,0,0,0,1.8,0.1,0.8,0.3,1.3,0,0.5,0,1.3,0.6,0,0.9,0,0,6.3,0.7,0.2,0,1.8,1,0,0.1,0.2,2,0.4,0,1.6,0.3,1.6,0.3,0.2,7.5,0.8,9.4,11.5,6.6,7.7,15.3,14.1,6.5,4.3,6.1,6.1,7.6,4.9,10.3,4.7,8.7,6.5,6.5,4.9,10.4,4.1,7.6,1.5,6.5,10.5,13.8,2.2,7.7,11.2,6.3,6.9,4.6,9.2,6.1,7.9,5.8,3.1,14.8,11.2,,,,,,,,,,,,,,,,,,,,,,,,,,,,,,,,,,,,,,,,,28.7,28.6,28.4,28,28.9,29.4,28.2,27.7,28.9,28.2,28.3,29.1,28.3,28.4,27.6,27.2,28.5,27.6,28,28,28.2,26.4,29.1,26.4,28.2,28.7,29.1,28.4,26,27.3,27.9,73,76,75,76,73,66,75,78,72,74,75,66,74,75,76,79,72,77,75,77,76,85,70,81,75,73,72,75,89,79,75,0.6,0.3,0,0.1,0.6,0,0.1,0.7,0.4,1.1,3.2,0.3,0.5,0.2,0,1,1.3,0,0.1,0.1,1,2.9,1.9,0,0,1.6,0,0.2,1.6,0,1,21.7,23.8,24.6,30.7,27,12.3,26.8,34.6,18.7,24.1,20.5,13.6,25.6,23.8,34.9,32.1,20.8,34.2,29.9,32.8,28,19.8,13.3,40.7,25.2,22.2,21,23.4,25.9,33.2,25.3,22.7,26.3,26.3,33.8,30.6,12.6,29.9,39.2,20.2,27,24.5,13.7,26.6,25.6,39.2,37.8,22,38.9,32.4,38.9,31.3,22.3,14.8,45.4,27.7,24.1,23.4,25.9,30.2,33.1,28.8,,,,,,22.2204,114.2127
2026-10-02T14:00,27.6,28.7,29.5,29.4,27.4,28.8,29.6,30.7,28.3,27.3,29.6,26.8,27.9,27.1,30.9,28.9,30.2,26.5,28.2,28.4,28.9,31.9,28.5,27.3,27,28,29,27.5,27.4,30.7,30,28.5,27.9,29.4,29.2,29.1,28.8,30.2,29.9,29.6,86,80,73,74,84,79,72,68,80,88,75,90,81,86,70,79,71,87,79,77,78,58,77,88,83,80,75,88,84,69,69,78,85,75,76,81,78,76,75,74,2.7,1.4,0,0,0.4,1,0,0,0,1.8,0.1,0.8,0.3,1.3,0,0.5,0,1.3,0.6,0,0.9,0,0,6.3,0.7,0.2,0,1.8,1,0,0.1,0.2,2,0.4,0,1.6,0.3,1.6,0.3,0.2,8.1,1,9.7,11.9,7.1,8.8,15.9,14,6.5,5.9,6.4,8,8,5.5,11.1,4.8,10.5,6.2,7.3,5.6,11.7,5.2,8.6,2.2,5.6,11.5,14.7,3.1,9,11.7,7.2,8.2,4.9,9.1,6.2,9.8,6.8,4.8,15.7,12.2,,,,,,,,,,,,,,,,,,,,,,,,,,,,,,,,,,,,,,,,,28.6,28.5,28.3,28.1,28.9,29.4,28.3,27.7,28.7,28.1,28.2,29,28.1,28.4,27.6,27.2,28.4,27.5,27.9,28,28.3,25.8,29.1,26.5,28.2,28.4,29.1,28.5,26,26.9,27.7,74,76,75,76,73,67,75,78,73,74,75,67,75,75,76,79,72,77,75,77,76,88,70,80,75,75,72,75,88,80,76,0.6,0.3,0,0.1,0.6,0,0.1,0.7,0.4,1.1,3.2,0.3,0.5,0.2,0,1,1.3,0,0.1,0.1,1,2.9,1.9,0,0,1.6,0,0.2,1.6,0,1,21.6,22.3,23.8,30,25.3,12.8,25.8,35.7,18.1,23.8,19.9,13.8,25.9,22.1,33.7,31.3,21.2,35.6,29.4,32,26.6,22.5,12.1,39.2,24.9,21.3,19.8,25.3,24.9,37.2,26.4,22.3,24.5,25.2,32.8,28.8,13,28.8,40.7,19.8,27,22.7,13.7,26.6,23.4,37.8,36.7,22.7,40.3,32,37.8,29.5,25.2,13.7,43.2,27.7,23,21.6,27.4,29.2,36.4,29.9,,,,,,22.2204,114.2127
2026-10-02T15:00,27.5,29.1,29,29.2,27.4,28.5,29.4,29.9,28.4,27.3,29.4,26.9,28,27.1,30.5,28.8,29.8,26.4,27.9,28.4,28.8,31.1,28.4,27.1,27.3,28.1,28.8,27.4,27.4,30.3,29.9,28.4,27.8,29.3,29.2,28.7,28.7,29.9,29.6,29.3,85,79,75,74,84,79,72,73,79,88,76,89,81,86,72,79,73,87,81,77,78,62,77,89,82,79,75,88,83,71,69,79,85,74,77,82,78,78,76,76,1.9,0,1.1,0.1,0,1.4,0,1,0.2,0.2,0.3,0,0,0.8,0,1,0,0.2,1,0,0.2,0.4,0,5.9,0.1,0,0,0.1,0,0,0,0,0.9,0.2,0,1.8,0.1,3.7,0.1,0.6,8.2,2.4,10.2,11.3,7.4,8.5,15.4,13.1,7.2,5.8,5.9,9.4,8.4,5.8,11.6,4.8,11.4,5.8,7.3,5.5,12.4,5.4,8.1,3.3,5.2,11.7,15,3.4,9.7,11.5,8.2,9.7,4.9,8.9,6.5,10.8,6.5,4.8,15.7,13.1,,,,,,,,,,,,,,,,,,,,,,,,,,,,,,,,,,,,,,,,,28.5,28.5,28.2,28.1,28.7,29.4,28.2,27.7,28.6,28,28.1,28.9,28,28.3,27.6,27.2,28.2,27.2,27.8,28,28.3,25.5,29,26.4,28,28.3,28.9,28.4,25.8,26.4,27.6,75,76,76,76,74,68,75,78,73,75,75,68,76,75,76,79,73,77,76,77,76,89,70,80,76,75,73,76,89,81,76,0,0,0,0,1.4,0.1,0,0,0.9,0.1,0.4,0,0.1,0,0,0.6,1.5,0,0,0,0,3.3,1,0,0,0,0,0,1.4,0,0.9,21.7,21,24.5,28.6,24,13.6,24.8,35.7,17.1,24.8,17.7,15,26.3,20.8,33.2,31.3,21.5,38.5,29.2,32,24.5,24.4,11,38.9,25.6,18.4,19.8,24.2,25.1,41.2,26,22.7,22.7,25.9,31.7,27,13.7,27.7,41,19.1,27.7,19.8,15.1,27.4,22.3,37.4,37.1,23.8,42.8,32,37.4,27.7,27.4,12.2,42.1,28.4,20.2,20.9,26.3,28.8,41.4,29.5,,,,,,22.2204,114.2127
2026-10-02T16:00,27.4,29.3,28.1,29,27.3,28.2,29.2,28.5,28.4,27.3,29.1,26.9,27.8,27.1,29.8,28.5,29.1,26.5,27.4,28.2,28.5,29.8,28.2,26.9,27.6,28.2,28.5,27.3,27.5,29.7,29.4,28.2,27.5,29.2,28.9,28.2,28.5,29.4,29.3,28.8,85,78,80,76,84,79,74,80,79,88,78,88,83,86,75,80,77,86,83,78,79,70,78,90,81,78,77,88,82,75,72,81,85,73,79,83,78,80,77,79,1.9,0,1.1,0.1,0,1.4,0,1,0.2,0.2,0.3,0,0,0.8,0,1,0,0.2,1,0,0.2,0.4,0,5.9,0.1,0,0,0.1,0,0,0,0,0.9,0.2,0,1.8,0.1,3.7,0.1,0.6,7.6,3.9,10.9,9.9,7.3,7.1,14,11.9,8.4,5.4,5.2,10.9,8.8,6.1,11.8,5.1,11.5,5.1,6.9,5.6,12.6,5.2,7.4,4.8,4.7,11.4,14.8,4.1,10.3,10.9,8.7,11.4,4.5,9.1,6.5,10.8,5.8,4,14.9,13.4,,,,,,,,,,,,,,,,,,,,,,,,,,,,,,,,,,,,,,,,,28.3,28.5,28,28.1,28.4,29.3,28.2,27.7,28.5,27.8,28.1,28.7,27.8,28.2,27.5,27.2,27.8,26.8,27.6,27.9,28.2,25.4,28.8,26.2,27.7,28.4,28.7,28.2,25.4,25.8,27.6,75,76,77,76,76,69,75,79,73,77,75,69,77,76,77,80,75,76,78,77,76,89,70,81,77,75,75,78,90,81,77,0,0,0,0,1.4,0.1,0,0,0.9,0.1,0.4,0,0.1,0,0,0.6,1.5,0,0,0,0,3.3,1,0,0,0,0,0,1.4,0,0.9,22.1,19.9,25.6,26.8,22.9,14.7,23.7,35.3,15.6,26.3,14.5,16.6,27.2,19.6,33.6,32,22.4,42.5,28.9,32,22,25.3,10,38.2,27,14.4,20.2,22,26,45.1,25,23.4,21.2,28.1,30.6,24.8,14.4,27,41,18,28.4,16.2,16.9,28.8,21.6,37.4,37.8,25.2,46.1,31.7,37.4,25.9,29.2,10.4,41.4,29.9,15.8,20.9,24.1,28.4,46.8,28.4,,,,,,22.2204,114.2127
2026-10-02T17:00,27.3,29.3,27.4,28.7,27.3,27.8,28.9,27.5,28.3,27.3,28.7,26.9,27.7,27.2,29.2,28.2,28.5,26.6,26.9,28,28.3,28.7,28,26.8,27.8,28.1,28.1,27.2,27.5,29.1,29,27.9,27.2,28.9,28.6,27.8,28.2,28.8,28.9,28.4,84,79,83,77,84,80,76,86,79,88,80,88,84,86,78,81,81,85,85,79,80,76,80,90,81,78,78,88,81,78,74,83,85,74,82,84,79,83,78,81,1.9,0,1.1,0.1,0,1.4,0,1,0.2,0.2,0.3,0,0,0.8,0,1,0,0.2,1,0,0.2,0.4,0,5.9,0.1,0,0,0.1,0,0,0,0,0.9,0.2,0,1.8,0.1,3.7,0.1,0.6,7.1,4.9,11.3,8.8,7.2,6,12.6,11.9,8.8,5.2,4.7,11.5,8.8,6.6,11.5,4.9,11,4.7,6.5,5.8,12.4,5.5,6.4,5.6,4.7,10.9,14.2,4,10.9,9.9,8.5,12.1,4.5,8.6,6.5,10.5,5.1,3.4,14.4,13.4,,,,,,,,,,,,,,,,,,,,,,,,,,,,,,,,,,,,,,,,,28.1,28.4,27.8,28,28.2,29.2,28.1,27.6,28.4,27.6,28.1,28.5,27.7,28.1,27.5,27.2,27.5,26.5,27.4,27.8,28.2,25.4,28.7,26,27.5,28.4,28.4,28,25.3,25.3,27.5,76,76,78,76,77,70,75,79,74,78,75,70,78,76,78,80,77,76,79,77,76,89,71,82,78,75,77,79,90,81,77,0,0,0,0,1.4,0.1,0,0,0.9,0.1,0.4,0,0.1,0,0,0.6,1.5,0,0,0,0,3.3,1,0,0,0,0,0,1.4,0,0.9,22.4,19.4,27.1,25.7,22,15.9,23.3,35.3,15,27.7,11.8,18,27.6,18.3,33.2,32.4,24.1,45.4,28.9,32,20.4,26,9.7,37.8,28.1,11.7,20.5,20.5,25.9,47.6,24.3,24.5,20.5,29.9,30.2,24.5,15.5,26.6,41,17.6,29.5,14,18.4,30.2,20.9,37.1,38.5,27.4,49.3,31.7,37.1,25.2,30.6,10.1,40.3,31.3,13.7,21.6,23,28.4,50.8,28.1,,,,,,22.2204,114.2127
2026-10-02T18:00,27.2,28.9,27.2,28.4,27.2,27.5,28.6,27.1,28.2,27.1,28.4,26.8,27.6,27.3,28.7,27.8,28.1,26.6,26.8,27.6,27.9,28.1,27.7,26.6,27.7,27.9,27.9,27,27.3,28.8,28.5,27.8,26.9,28.4,28.1,27.7,28,28.3,28.6,28.1,84,82,85,79,84,82,79,88,80,88,82,88,85,85,80,83,83,85,86,81,82,80,82,90,82,79,79,89,82,80,77,83,86,77,84,85,80,86,80,82,0,0.6,0,0,0,0,0,0,0,0.1,0,0,0,0.2,0,0.1,0,0,0,0,0.1,0.1,0,0.5,0,0,0,0,0,0,0,0,0.4,0,0,0,0,2.4,0,0,7,5.2,10.4,8.1,6.8,5.2,12.1,12.6,7.4,5.6,4.1,11.5,8.4,6.6,10.9,4.4,9.2,4.3,6.2,5.4,11.3,5.4,5.7,5.9,4.7,10.1,13,3.6,11.3,8.6,7,11.3,4.5,7.9,6.1,10.1,4.7,3.6,14.4,13,,,,,,,,,,,,,,,,,,,,,,,,,,,,,,,,,,,,,,,,,28,28.3,27.7,27.8,28.1,28.9,27.9,27.4,28.1,27.3,28.2,28.3,27.6,28.1,27.3,27.2,27.3,26.3,27.2,27.7,28,25.6,28.5,25.8,27.4,28.4,28.3,27.9,25.4,25,27.4,77,78,79,77,78,73,76,80,75,79,75,72,79,76,79,80,79,76,80,78,77,89,72,82,79,75,78,80,88,81,78,0,0,0,0.1,1,0.1,0.1,0.1,0.8,0.7,0.1,0,0.1,0,0,0.2,2.1,0,0,0.1,0.5,0.3,0.4,0,0,2.8,0,0.1,0.5,0,0.8,22.7,19.4,28.2,26.3,22.8,16.9,23.4,35.7,15.9,28.4,11,18.4,28.2,17.2,32,32.8,26.6,47.2,29.2,31.3,20.9,26.8,10.9,36.7,28.8,12.2,20.3,20.9,24,48,24.9,25.6,21.2,31.7,31.3,26.6,17.3,27.4,41,18.7,31.3,13.7,19.4,31.7,19.8,36.4,38.9,30.6,52.2,32.4,36.4,25.9,31.7,11.9,39.2,32.8,14.8,22.7,24.5,27.7,51.8,29.2,,,,,,22.2204,114.2127
2026-10-02T19:00,27.1,28.3,27.1,28.1,27.1,27.3,28.3,27,28,26.9,28.1,26.6,27.4,27.5,28.3,27.5,27.9,26.7,26.8,27.2,27.5,27.6,27.3,26.4,27.5,27.7,27.6,26.8,26.9,28.6,28,27.7,26.6,27.8,27.6,27.6,27.8,27.8,28.2,27.8,85,85,85,82,85,84,82,88,81,88,83,89,86,82,83,84,85,86,87,83,84,84,84,90,84,81,81,90,84,81,80,83,88,82,87,85,80,88,82,81,0,0.6,0,0,0,0,0,0,0,0.1,0,0,0,0.2,0,0.1,0,0,0,0,0.1,0.1,0,0.5,0,0,0,0,0,0,0,0,0.4,0,0,0,0,2.4,0,0,6.8,5.1,9.1,8,6.1,4.7,11.8,13.8,5.2,5.9,3.4,10.9,7.6,6.2,10.3,4,7.1,4.4,5.9,5,10.2,5.4,5.2,5.5,4.3,9.3,11.3,2.5,11.7,6.6,4.8,9.7,4.6,6.5,5.8,9.8,4.3,4,14.1,12.7,,,,,,,,,,,,,,,,,,,,,,,,,,,,,,,,,,,,,,,,,28,28,27.5,27.7,28,28.6,27.8,27.1,27.9,27.1,28.3,28,27.5,28,27.1,27.1,27.1,26.2,27.1,27.6,27.8,25.9,28.4,25.6,27.3,28.3,28.1,27.9,25.7,25,27.3,77,80,81,79,79,76,78,80,77,81,74,74,80,76,80,80,81,75,81,79,78,88,74,81,80,75,78,80,86,80,79,0,0,0,0.1,1,0.1,0.1,0.1,0.8,0.7,0.1,0,0.1,0,0,0.2,2.1,0,0,0.1,0.5,0.3,0.4,0,0,2.8,0,0.1,0.5,0,0.8,23,19.9,29.5,28.1,25.4,18,24.3,36.4,18.1,28.8,11.6,18.6,28.8,16.2,30.3,33.1,29.5,48,29.3,29.9,22.4,27.3,14.1,36,29.3,15.2,20.3,22,21.7,47.1,25.9,27.4,22.7,33.5,33.5,29.9,19.8,29.2,41.4,20.9,33.5,14.4,19.8,33.1,19.1,36,38.9,34.6,55.1,33.5,35.6,27.4,32,15.1,37.8,34.2,17.6,24.1,27,26.6,51.5,30.6,,,,,,22.2204,114.2127
2026-10-02T20:00,27,27.7,27,27.8,27,27.1,28,26.9,27.8,26.8,27.8,26.4,27.3,27.6,28,27.2,27.7,26.8,26.8,26.8,27.2,27.2,27,26.3,27.4,27.4,27.4,26.7,26.7,28.4,27.7,27.6,26.4,27.3,27.2,27.6,27.7,27.3,28,27.7,85,88,86,84,85,85,85,88,83,88,85,89,86,81,84,86,86,86,87,85,86,86,86,90,85,83,82,91,85,82,82,83,89,86,89,85,81,90,84,81,0,0.6,0,0,0,0,0,0,0,0.1,0,0,0,0.2,0,0.1,0,0,0,0,0.1,0.1,0,0.5,0,0,0,0,0,0,0,0,0.4,0,0,0,0,2.4,0,0,6.7,5.4,8.3,7.6,5.8,4.7,11.4,15.1,4.1,6.6,3,10.2,7.3,6.1,10.2,3.5,5.8,4.4,5.7,4.7,9.1,5.4,4.7,5.4,4.3,8.8,10.3,2.3,11.7,5.4,3,8.7,4.6,5.8,5.8,10,4.3,4.9,14.1,12.3,,,,,,,,,,,,,,,,,,,,,,,,,,,,,,,,,,,,,,,,,27.9,27.8,27.3,27.5,28,28.3,27.7,26.9,27.7,26.9,28.3,27.7,27.4,28,26.9,27.1,26.8,26.1,27,27.4,27.7,26.1,28.2,25.5,27.2,28.1,28,27.9,26,24.9,27.2,78,82,82,80,79,78,79,81,79,82,74,76,81,77,81,80,83,75,81,80,79,87,75,81,81,76,78,80,84,80,80,0,0,0,0.1,1,0.1,0.1,0.1,0.8,0.7,0.1,0,0.1,0,0,0.2,2.1,0,0,0.1,0.5,0.3,0.4,0,0,2.8,0,0.1,0.5,0,0.8,23.4,20.5,30.6,30,28.2,19.1,25.3,36.7,20.1,29.6,13.8,18.8,29.5,15.4,29.6,33.5,32,48.4,29.5,29.2,24.1,27.7,16.6,35.3,30,18.3,21.3,23.4,21.4,46.1,26.6,28.4,24.1,35.3,36,32.8,22,30.6,41.4,23,35.6,16.2,20.5,34.6,18.4,35.6,39.2,37.8,56.9,34.2,35.3,29.2,32.4,17.6,37.4,35.6,21.2,26.3,29.2,27.7,51.5,31.7,,,,,,22.2204,114.2127
2026-10-02T21:00,27,27.4,26.9,27.7,26.9,27.1,27.8,26.7,27.7,26.7,27.6,26.5,27.3,27.7,27.9,27,27.6,26.8,26.8,26.7,27.1,27,27,26.5,27.3,27.3,27.4,26.7,26.6,28.3,27.6,27.5,26.5,27.2,27.1,27.6,27.6,27,27.9,27.7,85,89,87,85,85,85,86,88,84,88,86,88,86,80,84,87,85,86,87,86,87,87,87,89,85,84,82,90,86,83,82,83,88,87,90,85,82,91,85,81,0,0.5,0.3,0,0,0,0,0,0,0.2,0.1,0,0,0,0,0,0,0.2,0.4,0,0.8,0,0,1,0,0,0,0,0,0,0,0.2,0,0,0,0,0,3.9,0,0,6.6,6.1,8.3,7.2,6.1,4.7,11.6,15.7,4.2,7.3,3,9.7,7.3,6.9,10.7,3.4,5.8,4.7,5.7,5.1,9.1,5.8,4.7,5.4,4.3,9.8,10,2.2,11.8,4.8,2.6,8,4.9,5.4,6.1,10.8,4.3,5.2,14.1,12.3,,,,,,,,,,,,,,,,,,,,,,,,,,,,,,,,,,,,,,,,,27.7,27.7,27.2,27.3,28,28.1,27.6,26.8,27.6,26.8,28.2,27.5,27.3,27.8,26.8,27,26.5,26.1,26.9,27.3,27.5,26.3,28.1,25.5,27.1,27.5,27.8,27.9,26.3,24.7,27.2,79,82,82,81,78,79,79,82,80,82,75,78,81,78,81,80,84,75,81,80,80,86,75,81,82,78,79,80,83,80,80,1,0.4,0.1,0.5,0.1,0.4,0.3,0.1,1,1.5,0,0.5,0.1,0,0,0.2,0.9,0,0,0.2,0.9,0.1,0.9,0,0.1,1.6,0.3,1.6,2,0,0.6,23.8,20.9,31.7,32.2,29.8,20.2,25.9,36.7,21.3,31.3,16.8,19.4,30.2,15,29.9,33.2,34.2,48.5,29.1,29.2,25.9,27.4,17.3,35.7,30.6,21.5,24.1,24.9,25.4,45.8,26.3,29.2,25.2,36.7,39.2,34.6,23.8,31.7,41.4,24.8,38.2,19.4,21.2,35.6,18.4,36,39.6,40.3,57.6,34.6,35.3,31.7,32.8,19.1,38.2,36.4,25.6,29.5,31,32.4,52.6,31.7,,,,,,22.2204,114.2127
2026-10-02T22:00,27,27.3,26.7,27.7,26.8,27.2,27.8,26.6,27.6,26.6,27.5,26.6,27.4,27.7,28,27,27.6,26.8,26.7,26.8,27.2,27,27,26.7,27.2,27.3,27.4,26.7,26.6,28.2,27.7,27.3,26.7,27.3,27,27.6,27.5,26.9,27.9,27.8,86,89,87,85,85,84,86,88,86,88,87,88,86,80,83,88,84,85,88,86,87,86,87,87,84,85,83,89,86,84,82,84,86,87,91,85,82,90,85,80,0,0.5,0.3,0,0,0,0,0,0,0.2,0.1,0,0,0,0,0,0,0.2,0.4,0,0.8,0,0,1,0,0,0,0,0,0,0,0.2,0,0,0,0,0,3.9,0,0,6.6,7.2,8.9,7.2,6.8,5,12.2,16.3,5,8,3.4,9.4,7.6,7.6,11.1,3.4,6.6,5.4,5.6,5.4,9.4,6.2,4.6,5.1,4.3,11.2,10.5,2.5,11.6,4.5,3,7.6,5.7,5.4,6.8,12.7,4.7,5.2,14,12.7,,,,,,,,,,,,,,,,,,,,,,,,,,,,,,,,,,,,,,,,,27.5,27.6,27.1,27.1,28.1,27.9,27.6,26.6,27.6,26.8,28,27.3,27.3,27.7,26.8,26.9,26.3,26,26.9,27.2,27.4,26.4,28,25.4,27,26.6,27.7,27.9,26.6,24.6,27.2,79,81,82,81,78,79,80,82,81,82,76,79,81,80,81,81,84,75,81,80,80,84,75,82,82,82,81,80,83,79,80,1,0.4,0.1,0.5,0.1,0.4,0.3,0.1,1,1.5,0,0.5,0.1,0,0,0.2,0.9,0,0,0.2,0.9,0.1,0.9,0,0.1,1.6,0.3,1.6,2,0,0.6,23.8,21.2,32.5,35.2,30.5,21.6,26.3,36.4,22.7,33.5,20.6,19.7,31,14.9,31,32.9,36,48.3,28,29.5,28.1,26.8,17.3,36.5,31,24.5,27.7,26.8,31.4,45.8,25.6,29.5,26.3,37.8,42.5,35.6,25.9,32.8,41.8,26.6,40.7,23.4,22.3,37.1,18.4,37.1,40,42.1,57.2,34.6,35.6,34.2,32.8,20.2,39.2,36.7,30.2,33.5,32.8,39.2,53.6,31.3,,,,,,22.2204,114.2127
2026-10-02T23:00,26.9,27.1,26.6,27.7,26.7,27.3,27.6,26.5,27.4,26.6,27.4,26.7,27.3,27.6,27.9,26.9,27.6,26.7,26.7,26.8,27.2,26.9,27,26.8,27.1,27.2,27.3,26.8,26.5,28,27.7,27.1,26.9,27.2,27,27.6,27.4,26.7,27.8,27.8,86,89,88,85,85,84,86,88,87,88,88,87,86,81,83,88,83,85,88,86,87,86,87,86,84,85,83,88,87,85,82,84,85,87,91,85,83,90,85,80,0,0.5,0.3,0,0,0,0,0,0,0.2,0.1,0,0,0,0,0,0,0.2,0.4,0,0.8,0,0,1,0,0,0,0,0,0,0,0.2,0,0,0,0,0,3.9,0,0,6.5,7.9,9.4,7.2,7.2,5.4,12.4,16.2,5.9,8.3,3.8,9.4,8,8,11.5,3.3,7.3,5.8,5.9,5.8,9.8,6.2,4.7,5.1,4.7,12.3,10.5,3,11.6,4.3,3,7.2,6,5.4,7.2,13.7,4.7,5.5,13.7,13,,,,,,,,,,,,,,,,,,,,,,,,,,,,,,,,,,,,,,,,,27.3,27.5,27,27,28.1,27.8,27.6,26.5,27.6,26.8,27.8,27.1,27.1,27.6,26.7,26.8,26,26,26.9,27.1,27.3,26.5,27.9,25.4,26.9,26.1,27.5,27.8,26.9,24.6,27.2,80,81,82,81,77,79,80,82,81,82,78,80,81,81,81,81,84,75,81,80,81,83,75,82,82,84,82,80,82,79,80,1,0.4,0.1,0.5,0.1,0.4,0.3,0.1,1,1.5,0,0.5,0.1,0,0,0.2,0.9,0,0,0.2,0.9,0.1,0.9,0,0.1,1.6,0.3,1.6,2,0,0.6,24.9,22.3,33.3,37.1,30.9,22.7,27,36.1,23.8,35,23.9,19.7,32.1,14.8,32,32.5,36.8,47.4,27.9,29.9,29.9,26.1,17.3,36.9,31.8,26.5,30.6,28,36.4,45.8,25.6,30.6,28.1,38.5,45,36.4,27.4,33.8,41.8,28.4,42.1,27.7,22.7,38.5,18.7,37.8,40,42.8,56.2,34.6,36,36.7,32.4,20.9,40.3,37.4,33.5,36.7,33.5,44.6,54.7,31.3,,,,,,22.2204,114.2127
2026-10-03T00:00,26.8,27,26.5,27.6,26.6,27.2,27.4,26.3,27.2,26.5,27.2,26.7,27.1,27.5,27.7,26.7,27.6,26.6,26.6,26.7,27.1,26.8,27,26.7,27,27.1,27.2,26.8,26.3,27.6,27.5,26.9,26.9,27,26.8,27.3,27.2,26.4,27.5,27.7,87,89,88,86,85,84,87,89,87,88,88,87,87,82,84,88,83,85,88,86,87,87,87,87,84,84,84,87,88,86,83,85,85,87,91,85,84,90,87,81,1.1,0.3,1.3,0.8,0,0.1,0,0.4,0.2,0.7,0.4,0.7,1.5,0.9,0.1,0.2,0,0.1,0.9,0,1.2,0,0,0.5,0,0,0,0,0,2,0.4,0.1,0,0.1,0.3,0.5,0.1,2.8,0.6,0,6.5,8.7,9.5,7.2,6.9,5.4,12.2,15.5,6.2,8.6,3.7,9.7,7.6,7.2,11.7,3.3,7.3,5.4,6.6,5.4,9.7,5.8,4.3,5.8,5.4,12.3,10.3,3.3,12.1,4.7,2.9,7.6,6.4,5.4,7.7,13.3,4.4,5.9,13,13.3,,,,,,,,,,,,,,,,,,,,,,,,,,,,,,,,,,,,,,,,,27.1,27.2,26.9,26.8,27.9,27.6,27.3,26.5,27.4,26.8,27.6,26.9,26.9,27.6,26.7,26.8,25.9,26,26.8,27,27.2,26.6,27.8,25.3,26.8,26.2,27.4,27.8,26.9,24.6,27.1,81,82,82,81,77,80,81,82,81,81,79,81,81,80,80,80,84,75,82,80,81,82,76,81,82,85,82,80,81,78,81,0.5,0.9,0.2,0,1.3,0.5,0.5,0,0.1,0.1,1.1,2.1,0.1,0,0.2,0,0.1,0,0.1,0,1,1,0.1,0,0,0.5,0.3,2,1.5,0,0.2,27.1,24.5,33.8,38.1,30.6,23.8,28.6,36.1,24.9,34.6,26.8,19.3,34,14.4,32.4,32.8,36,45.6,28.5,30.6,31.4,24.9,17.3,36.9,32.6,27.1,32.1,27.3,38.6,45.4,27,33.5,31,38.9,45.7,36,28.4,35.6,42.1,29.9,41.8,32,22.3,41,19.1,38.2,39.6,41.8,54.4,34.9,36.7,38.5,31,20.5,41,38.5,34.2,38.5,32.8,46.8,55.1,32.4,,,,,,22.2204,114.2127
2026-10-03T01:00,26.6,26.9,26.3,27.4,26.5,27,27.1,26.1,26.9,26.5,27.1,26.6,26.9,27.2,27.3,26.4,27.5,26.4,26.5,26.7,27,26.6,26.9,26.3,27,27.1,27.1,26.8,26.1,27.2,27.4,26.8,26.8,26.7,26.7,27,26.9,26.2,27.2,27.6,88,89,89,86,86,85,88,89,87,87,88,88,89,84,86,88,84,86,89,87,88,87,88,88,85,83,85,87,89,88,84,85,85,88,91,86,85,90,89,82,1.1,0.3,1.3,0.8,0,0.1,0,0.4,0.2,0.7,0.4,0.7,1.5,0.9,0.1,0.2,0,0.1,0.9,0,1.2,0,0,0.5,0,0,0,0,0,2,0.4,0.1,0,0.1,0.3,0.5,0.1,2.8,0.6,0,6.5,9.6,9.3,7.3,6.5,5.1,12,14.4,6.8,8.6,3.2,10.1,7.2,6.1,11.9,3.3,7.6,5.1,7.4,5.1,9.4,5.5,4,6.5,6.1,12.3,9.8,4,12.7,5.8,2.5,7.9,7.1,5.4,7.9,12.4,4,6.6,11.9,13.6,,,,,,,,,,,,,,,,,,,,,,,,,,,,,,,,,,,,,,,,,26.9,27,26.7,26.7,27.6,27.4,27,26.5,27.3,26.8,27.3,26.7,26.6,27.6,26.7,26.8,25.8,26,26.7,26.9,27.1,26.7,27.7,25.2,26.6,26.5,27.2,27.7,26.8,24.7,26.9,82,82,81,80,78,80,82,81,82,81,81,81,82,79,80,80,83,76,82,80,82,81,78,81,82,84,82,80,81,77,81,0.5,0.9,0.2,0,1.3,0.5,0.5,0,0.1,0.1,1.1,2.1,0.1,0,0.2,0,0.1,0,0.1,0,1,1,0.1,0,0,0.5,0.3,2,1.5,0,0.2,30.3,27.8,34.3,38.1,29.9,24.6,30.5,36.2,25.9,33.5,28.7,18.5,36.3,14.5,32.4,33.1,34.2,43.7,29.9,31,32.7,23.9,17.2,36.6,33.5,26.7,33.1,26.3,39.8,45.4,28.9,37.1,34.2,39.2,45.4,34.6,29.5,37.4,42.8,31.7,40.3,36,21.2,43.9,19.1,38.5,38.9,39.6,51.8,35.3,37.4,39.6,29.2,19.8,41.4,40,33.8,39.6,31.3,47.5,54.7,34.6,,,,,,22.2204,114.2127
2026-10-03T02:00,26.4,26.8,26.2,27.3,26.4,26.8,26.8,26,26.7,26.5,26.9,26.4,26.7,27,27,26.2,27.4,26.3,26.5,26.6,26.9,26.4,26.7,26.1,26.9,27,26.9,26.7,25.9,26.8,27.2,26.7,26.7,26.5,26.6,26.7,26.7,26,26.9,27.4,89,89,89,87,86,86,89,90,87,87,88,88,91,86,88,88,84,86,89,87,88,88,88,89,85,83,86,87,90,89,85,85,85,88,90,87,86,90,90,83,1.1,0.3,1.3,0.8,0,0.1,0,0.4,0.2,0.7,0.4,0.7,1.5,0.9,0.1,0.2,0,0.1,0.9,0,1.2,0,0,0.5,0,0,0,0,0,2,0.4,0.1,0,0.1,0.3,0.5,0.1,2.8,0.6,0,6.5,10.1,9.8,7.5,6.2,5.2,11.6,13.7,6.8,8.6,2.9,10.5,6.9,5.4,11.9,3.2,7.1,4.7,8.2,4.8,9,5.4,3.9,6.8,6.5,12,9.7,4.3,13.4,6.6,2.5,8.3,7.1,5.4,8,11.4,3.6,6.9,11.2,13.5,,,,,,,,,,,,,,,,,,,,,,,,,,,,,,,,,,,,,,,,,26.8,26.8,26.6,26.6,27.3,27.3,26.8,26.6,27.1,26.8,27.1,26.6,26.4,27.6,26.7,26.7,25.8,26,26.5,26.8,26.9,26.7,27.7,25.2,26.5,26.8,27.1,27.6,26.8,24.8,26.8,83,83,81,80,79,81,83,80,82,80,82,81,82,78,79,79,83,76,83,80,82,80,79,80,82,84,81,80,80,76,82,0.5,0.9,0.2,0,1.3,0.5,0.5,0,0.1,0.1,1.1,2.1,0.1,0,0.2,0,0.1,0,0.1,0,1,1,0.1,0,0,0.5,0.3,2,1.5,0,0.2,32.5,30.9,34.4,38.1,29.4,25.5,32.4,35.9,27,32.8,30.7,18.2,37.8,14.8,32.4,33.5,32.8,41.2,31.7,31.7,34,23.2,17.3,35.8,34.3,26.7,33.6,25.3,40.5,45,30.4,40,37.8,39.6,44.6,34.2,30.2,39.2,42.8,33.1,39.6,38.9,20.9,45.7,19.8,38.9,38.9,37.8,49.3,36.7,38.2,41,28.1,19.8,41.4,41,33.5,40,30.2,47.9,54.7,36,,,,,,22.2204,114.2127
2026-10-03T03:00,26.1,26.7,26.1,27.1,26.3,26.6,26.6,25.9,26.5,26.4,26.8,26.2,26.5,26.8,26.7,26.1,27.3,26.3,26.4,26.4,26.8,26.3,26.5,25.9,26.8,26.8,26.6,26.5,25.8,26.7,27,26.7,26.6,26.3,26.5,26.4,26.5,25.9,26.8,27.3,90,89,89,87,86,87,89,90,88,87,88,89,92,87,89,88,84,86,89,88,88,89,89,89,86,84,87,88,90,89,86,84,86,89,90,88,87,89,90,84,0.6,0.5,1,3.7,0.1,0.3,0,0.7,1.2,1.2,0.4,0.6,4.6,0.8,2.6,0,0,0.1,1.3,0.6,0.1,0.1,0.6,0.9,0.1,0,0,0.3,0.1,1,1.8,0.1,0.4,0.1,0.2,0.9,0.4,0.4,2,0,6.5,10,10.5,7.8,6.2,5.2,10.8,14.4,6.9,9,2.6,10.8,6.4,5.4,11.2,3.3,6.1,4.7,8.7,4.9,8.7,5.5,4.1,6.5,6.2,11.9,9.1,4,13.3,6,2.6,7.9,6.6,5,8,11.1,3.7,7.3,10.8,13.4,,,,,,,,,,,,,,,,,,,,,,,,,,,,,,,,,,,,,,,,,26.7,26.7,26.3,26.5,27.2,27.1,26.7,26.6,27,26.7,26.9,26.6,26.3,27.6,26.7,26.6,25.8,25.9,26.3,26.7,26.8,26.7,27.6,25.2,26.4,26.8,27,27.4,26.7,24.8,26.6,83,83,81,80,80,82,83,80,82,80,83,81,82,78,79,79,82,76,84,80,82,79,79,80,82,84,81,80,79,76,83,0.8,0.2,0,0.1,2.2,0.6,0.1,0.1,0.7,0.2,3.6,3,0.1,0,0.1,0.1,0.3,0,0.1,0,0.2,0.8,1.1,0,0,1,0.1,1.4,0.4,0,1.4,33.4,34.1,34.9,37.5,30,26.2,33.5,35.3,28.1,32.8,32,18.5,38.4,15.8,32.6,33.8,32.1,38.5,34.4,32.1,35.5,23.2,17.8,34.7,34.7,27.2,33.3,25.5,40.8,44.9,31.2,41,41.4,40.3,43.9,35.6,31,40.3,42.1,34.9,39.6,40,21.6,45.7,20.5,38.9,39.6,36.7,46.4,39.6,38.9,42.5,28.4,20.5,41,41.8,33.8,39.2,30.6,48.2,55.1,37.1,,,,,,22.2204,114.2127
2026-10-03T04:00,25.9,26.6,26,27,26.3,26.5,26.3,25.9,26.3,26.3,26.7,26,26.4,26.6,26.4,26,27.3,26.2,26.3,26.2,26.8,26.1,26.2,25.8,26.6,26.7,26.3,26.2,25.7,26.7,26.8,26.7,26.4,26.1,26.5,26.3,26.3,25.9,26.8,27.1,90,89,89,87,86,88,89,90,90,87,88,89,92,87,89,89,85,86,89,89,88,90,90,89,86,85,88,89,90,89,88,82,87,90,89,90,88,89,90,85,0.6,0.5,1,3.7,0.1,0.3,0,0.7,1.2,1.2,0.4,0.6,4.6,0.8,2.6,0,0,0.1,1.3,0.6,0.1,0.1,0.6,0.9,0.1,0,0,0.3,0.1,1,1.8,0.1,0.4,0.1,0.2,0.9,0.4,0.4,2,0,6.5,9.8,11.3,8,6.5,5.2,9.7,15.8,6.7,9,2.6,10.8,5.5,5.4,10.1,2.9,4.8,4.7,8.8,4.6,8.7,5.4,4.7,5.8,5.6,11.9,8.8,3.4,13.3,5.2,2.6,7.2,5.8,4.7,8,11.1,4.2,8,10.5,13,,,,,,,,,,,,,,,,,,,,,,,,,,,,,,,,,,,,,,,,,26.7,26.6,26.1,26.5,27.1,26.9,26.7,26.6,26.9,26.6,26.7,26.6,26.3,27.6,26.7,26.5,25.9,25.9,26,26.6,26.6,26.6,27.4,25.3,26.4,26.8,27,27.3,26.7,24.8,26.5,83,83,80,80,80,83,82,79,82,81,83,80,81,78,79,80,82,77,84,79,82,79,78,80,82,84,80,80,78,76,83,0.8,0.2,0,0.1,2.2,0.6,0.1,0.1,0.7,0.2,3.6,3,0.1,0,0.1,0.1,0.3,0,0.1,0,0.2,0.8,1.1,0,0,1,0.1,1.4,0.4,0,1.4,33.8,37.1,35.2,36.7,31.1,26.7,34.2,34.9,29.5,33.5,32.7,18.8,38.4,17.7,32.4,34.6,31.7,36.2,37.2,32.4,36.8,23.8,18.4,33.2,35.1,28,31.8,26.8,40.4,44.6,31.8,41.4,44.6,41.4,43.2,37.4,31.7,41,40.7,36.7,40.3,40,22.3,45,22,38.5,40.7,36.4,42.8,43.6,39.2,44.3,29.2,22,40,42.1,34.2,37.4,31.3,48.2,55.4,38.2,,,,,,22.2204,114.2127
2026-10-03T05:00,25.8,26.6,26,26.9,26.3,26.4,26.2,25.9,26.3,26.3,26.6,25.9,26.4,26.5,26.2,26,27.3,26.2,26.3,26.2,26.8,26.1,26.1,25.7,26.6,26.6,26.1,26,25.7,26.7,26.7,26.9,26.3,26.1,26.6,26.2,26.3,26,26.9,27,90,88,89,87,86,88,89,89,91,87,88,89,92,87,89,89,85,86,89,89,87,90,91,89,86,86,89,89,90,89,88,81,87,90,88,90,88,88,90,86,0.6,0.5,1,3.7,0.1,0.3,0,0.7,1.2,1.2,0.4,0.6,4.6,0.8,2.6,0,0,0.1,1.3,0.6,0.1,0.1,0.6,0.9,0.1,0,0,0.3,0.1,1,1.8,0.1,0.4,0.1,0.2,0.9,0.4,0.4,2,0,6.8,9.7,12.2,8.5,6.8,5.5,9,16.9,6.6,9.4,2.6,11.2,5.2,5.8,9.4,2.9,3.9,4.7,9.1,4.9,8.8,5.4,5.1,5.4,5.7,11.9,8.4,3.1,13.3,4.4,2.6,6.9,5.1,4.7,8,11.4,4.7,8.4,10.5,12.3,,,,,,,,,,,,,,,,,,,,,,,,,,,,,,,,,,,,,,,,,26.7,26.6,25.9,26.5,27.1,26.8,26.7,26.6,26.9,26.6,26.5,26.6,26.4,27.6,26.7,26.4,26,25.8,25.8,26.6,26.6,26.6,27.3,25.4,26.3,26.8,26.9,27.2,26.7,24.9,26.5,82,83,80,80,80,83,82,79,82,81,84,80,81,78,79,80,81,77,84,79,82,79,78,80,81,83,80,80,77,76,83,0.8,0.2,0,0.1,2.2,0.6,0.1,0.1,0.7,0.2,3.6,3,0.1,0,0.1,0.1,0.3,0,0.1,0,0.2,0.8,1.1,0,0,1,0.1,1.4,0.4,0,1.4,34.3,39.4,35.7,35.9,31.1,27.6,34.6,34.4,30.6,33.8,32.4,19.5,38,19.5,32.3,35,31.8,34.4,39.5,32.8,37.4,24.1,18.8,32.1,35.1,28.6,30.5,28,40.2,44.2,32.1,41.4,47.2,42.1,42.5,38.5,32.8,41.8,39.6,38.2,41,38.9,23.4,43.9,23.4,38.2,41.4,36,40.3,46.1,39.6,45,29.9,23.4,39.2,42.1,34.6,36,32.8,48.2,55.4,38.9,,,,,,22.2204,114.2127
2026-10-03T06:00,26,26.8,26.4,27,26.4,26.5,26.6,26.3,26.9,26.5,26.8,26.6,26.6,26.7,26.6,26.4,27.7,26.3,26.7,26.8,27,26.3,26.3,25.9,27.1,26.8,26.3,26.4,26.2,26.7,27.3,27.1,26.6,26.6,27,26.8,26.8,26.1,27,26.7,89,87,86,84,87,86,87,87,87,87,88,86,93,86,88,87,84,86,87,86,86,88,89,89,84,82,88,88,88,90,86,81,86,87,86,86,86,88,89,88,0.1,0,0.1,0,0.4,0.1,0,0.1,0.2,0.9,0.2,0,4.7,0.2,0.2,0,0,0,0.3,0,0,0.3,1.3,0.6,0,0,0.2,0.1,0,0.8,0.2,0,0,0,0,0.2,0,0,0.2,0.1,7.2,10.5,13,9.2,7.2,6.5,10.1,17.3,6.6,9.4,3.3,11.3,7.3,5.4,11.2,4,4.3,5.1,11.2,5.9,9.8,6.2,4.9,5.8,8.1,12.3,7.6,3.6,14.1,5.5,3.7,7.4,5.4,5.9,8.9,13.7,4.3,8,11.3,10.4,,,,,,,,,,,,,,,,,,,,,,,,,,,,,,,,,,,,,,,,,26.7,26.5,25.8,26.5,27.1,26.7,26.8,26.5,26.9,26.6,26.2,26.6,26.4,27.6,26.7,26.4,26,25.8,25.7,26.6,26.6,26.7,27.3,25.4,26.2,26.9,26.9,27.2,26.6,25,26.6,81,82,80,79,79,83,82,78,82,81,86,80,80,77,79,80,81,78,84,79,82,79,78,80,80,82,80,79,76,77,82,0.7,0.1,0,0.1,1.4,1,0,0.1,1.9,0.2,5.1,3.3,0.1,0.4,0.1,0,0.1,0,0,0,0.2,1.5,1.8,0,0,1.8,0,0.2,0,0,1.2,34.4,40,36.1,35.6,29.5,28.4,34.8,34.2,31.4,34.6,30.9,20.2,37.3,21.4,32.5,35.8,32.5,33.6,40.6,32.8,37.4,24.5,19.6,31.4,34.3,28.8,29.3,29.7,40.5,43.6,32.1,41,48.2,42.1,42.1,37.4,34.6,42.5,39.2,39.2,41.8,37.1,24.1,43.2,25.9,38.2,42.1,36.4,38.5,46.4,39.6,45,30.2,24.5,38.5,42.1,34.9,34.6,34.9,49,54.4,38.9,,,,,,22.2204,114.2127
2026-10-03T07:00,26.1,26.9,26.5,27,26.5,26.6,26.6,26.4,27.1,26.6,26.8,26.7,26.6,26.7,26.6,26.5,27.8,26.3,26.8,26.9,27.1,26.3,26.3,25.9,27.2,26.9,26.3,26.4,26.3,26.8,27.4,27.4,26.7,26.8,27.2,26.9,26.9,26.2,27.1,26.6,88,86,85,83,87,86,86,86,86,87,88,85,93,86,88,86,83,86,86,85,85,87,88,88,83,82,88,88,87,89,85,80,86,86,84,86,86,87,88,88,0.1,0,0.1,0,0.4,0.1,0,0.1,0.2,0.9,0.2,0,4.7,0.2,0.2,0,0,0,0.3,0,0,0.3,1.3,0.6,0,0,0.2,0.1,0,0.8,0.2,0,0,0,0,0.2,0,0,0.2,0.1,7.6,10.9,13.6,9.5,7.6,6.8,10.1,18.4,6.7,9.4,3.6,11.6,7.4,5.8,10.8,4.4,3.8,5.4,11.9,6.6,10.2,6.5,5.2,5.8,8.6,12.3,7.2,3.6,14.4,5,4,7.5,5.1,6,8.9,14.1,5.1,8,11.7,9.7,,,,,,,,,,,,,,,,,,,,,,,,,,,,,,,,,,,,,,,,,26.8,26.4,25.8,26.6,27.2,26.7,26.8,26.3,27,26.6,25.8,26.5,26.5,27.7,26.7,26.3,26,25.9,25.6,26.6,26.7,26.8,27.4,25.5,26.2,26.9,26.8,27.3,26.6,25.1,26.8,80,81,80,79,78,83,81,78,82,80,88,81,80,77,78,80,80,79,83,79,81,80,78,79,78,80,81,79,76,77,80,0.7,0.1,0,0.1,1.4,1,0,0.1,1.9,0.2,5.1,3.3,0.1,0.4,0.1,0,0.1,0,0,0,0.2,1.5,1.8,0,0,1.8,0,0.2,0,0,1.2,34.4,39.2,36.4,35.7,27.6,29.8,35.1,34.3,31.8,35.4,28.5,21.3,36.5,23.2,32.6,36.1,33.2,33,41.3,32.8,37.1,24.9,20.7,31.1,33.4,28.6,28.3,31.4,40.7,43,32.4,40.7,48.6,42.1,42.1,34.9,36.4,42.8,39.2,40,42.5,34.2,24.5,42.5,28.4,37.8,42.5,37.4,37.4,45.7,39.6,43.9,30.2,25.6,37.8,41.8,34.9,32.8,37.4,49.7,52.9,38.5,,,,,,22.2204,114.2127
2026-10-03T08:00,26.2,27,26.7,27.1,26.6,26.7,26.8,26.6,27.3,26.7,27,26.9,26.8,26.8,26.6,26.7,27.9,26.5,27,27.2,27.3,26.5,26.3,26,27.4,27,26.3,26.5,26.5,26.9,27.6,27.6,26.8,27,27.5,27.1,27.1,26.3,27.2,26.6,87,85,84,82,86,85,85,85,85,86,87,84,92,85,87,85,83,85,85,84,84,86,88,88,82,81,87,87,86,88,84,78,85,85,82,85,85,86,87,88,0.1,0,0.1,0,0.4,0.1,0,0.1,0.2,0.9,0.2,0,4.7,0.2,0.2,0,0,0,0.3,0,0,0.3,1.3,0.6,0,0,0.2,0.1,0,0.8,0.2,0,0,0,0,0.2,0,0,0.2,0.1,7.9,10.8,13.8,9.8,7.9,7.6,9.8,18.7,7.2,9.8,4,11.6,7.5,6.1,10.8,4.8,3.7,5.8,12.5,7.3,10.5,6.4,5.6,5.8,8.8,12.3,7.2,3.6,14.5,5.2,4.7,7.5,5.1,6.3,9.1,14.3,5.4,8.4,11.7,9.4,,,,,,,,,,,,,,,,,,,,,,,,,,,,,,,,,,,,,,,,,26.9,26.4,25.9,26.6,27.4,26.8,26.9,26.3,27.1,26.7,25.6,26.6,26.6,27.7,26.8,26.4,26.1,26,25.6,26.7,26.8,26.9,27.5,25.6,26.2,27,26.8,27.5,26.6,25.3,27,79,80,80,78,77,82,81,77,81,79,90,81,79,76,78,80,80,79,82,79,81,80,78,79,77,79,81,78,75,78,79,0.7,0.1,0,0.1,1.4,1,0,0.1,1.9,0.2,5.1,3.3,0.1,0.4,0.1,0,0.1,0,0,0,0.2,1.5,1.8,0,0,1.8,0,0.2,0,0,1.2,33.9,38.4,36.3,35.4,25.9,31,35.2,34,32.3,35.9,25.9,21.6,35.5,25,32.3,36.1,34,32.8,41.1,32.9,36.5,25.5,21.1,30.8,32.3,28.7,27.5,32.7,40.1,42,32.2,40,48.2,41.4,41.8,33.1,38.2,42.8,38.9,40,42.8,31.7,24.8,41.4,31,37.4,42.1,37.8,36.7,45,39.2,43.2,30.6,25.9,36.7,40.7,34.9,31.7,38.9,49.3,50.8,37.8,,,,,,22.2204,114.2127
2026-10-03T09:00,26.6,27.2,27,27.4,26.9,26.9,27.1,26.9,27.7,26.9,27.2,27.1,27,27.1,26.8,27,28,26.7,27.3,27.6,27.6,26.8,26.5,26.2,27.8,27.3,26.6,26.8,26.7,27.2,27.9,28,27.1,27.3,27.9,27.3,27.4,26.4,27.4,26.9,85,84,82,80,85,83,83,83,83,85,85,83,90,83,86,84,82,84,83,82,82,84,87,87,80,79,86,85,85,86,82,76,84,83,80,84,84,85,86,86,0.1,0.1,0.1,0,0,0,0.5,0.4,0,0.3,0,0,0.9,0.1,0.6,0,0,0,0,0,0,0.2,1,0.6,0,0,0.3,0.1,0,0,0,0,0,0,0,0.1,0.1,0.1,0.4,0,8.3,11.2,13.8,10.1,8.6,8.3,9.8,18.7,7.9,10.2,4.3,11.5,7.6,6.8,10.8,5.4,4,6.6,13.1,8.3,11.2,6.2,5.7,6.2,9.4,12.3,7.6,4,14.5,5.7,5.8,8.1,5.4,6.5,9.6,14.6,6.1,8.8,11.9,9.7,,,,,,,,,,,,,,,,,,,,,,,,,,,,,,,,,,,,,,,,,27,26.7,26,26.7,27.6,27,27,26.4,27.3,26.9,25.6,26.8,26.9,27.8,26.8,26.6,26.1,26.1,25.8,26.9,26.9,27.2,27.6,25.8,26.3,27,26.9,27.7,26.8,25.4,27.1,78,78,79,77,75,80,80,76,80,78,90,80,78,75,77,79,79,78,80,78,80,79,77,78,76,78,80,77,74,78,78,0,0,0,0,0.2,0.3,0.1,0,1.3,0.1,5.3,1.7,0,1.2,0.1,0.1,0.1,0,0,0,0.1,0.9,0.9,0,0,0.7,0.1,0,0,0,0.1,33.4,37.5,35.5,34.9,25.7,32.2,35.3,33,32.4,35.9,23.7,21.7,34.4,26.9,31.7,35.4,33.9,32.4,40.9,32.6,36.2,26.4,20.5,30.1,31.6,28.8,27.2,33.2,38.6,40.7,31.7,39.2,46.8,40,40.7,32,39.2,42.5,37.8,39.2,42.5,29.5,24.8,40,32.8,36.7,41,37.8,36,45,38.5,42.5,31.3,25.2,35.3,38.9,35.3,31,39.2,46.8,48.2,36.7,,,,,,22.2204,114.2127
2026-10-03T10:00,27.1,27.6,27.4,27.8,27.3,27.3,27.5,27.3,28.1,27.2,27.6,27.4,27.4,27.5,27,27.4,28.1,27.1,27.7,28.1,28.1,27.3,26.8,26.4,28.2,27.8,27,27.3,26.9,27.7,28.4,28.5,27.5,27.9,28.5,27.7,27.8,26.6,27.7,27.4,83,83,80,78,82,81,81,81,79,83,83,81,87,81,84,82,81,82,81,78,80,82,85,86,78,77,84,83,83,82,79,74,82,81,76,82,82,84,84,84,0.1,0.1,0.1,0,0,0,0.5,0.4,0,0.3,0,0,0.9,0.1,0.6,0,0,0,0,0,0,0.2,1,0.6,0,0,0.3,0.1,0,0,0,0,0,0,0,0.1,0.1,0.1,0.4,0,9,11.6,13.6,10.5,9.4,9.5,10.2,18.4,8.9,11.4,5.4,11.9,7.6,8,11.3,6.3,5.1,7.7,13.7,10.1,12.3,6.5,6.2,7,10.1,12.3,7.9,5.2,14.9,6.9,6.8,8.7,6.6,7.6,10.1,14.8,7.3,9.8,12.2,10.5,,,,,,,,,,,,,,,,,,,,,,,,,,,,,,,,,,,,,,,,,27.1,27,26.1,26.9,27.8,27.3,27.1,26.6,27.6,27.1,25.7,27,27.1,27.9,26.9,26.8,26.2,26.4,26.1,27.1,27,27.5,27.8,26.1,26.6,27.1,27,27.9,27,25.6,27.1,77,76,79,77,73,79,79,75,79,76,90,79,76,75,77,78,79,77,78,76,80,78,77,78,74,77,79,77,74,77,78,0,0,0,0,0.2,0.3,0.1,0,1.3,0.1,5.3,1.7,0,1.2,0.1,0.1,0.1,0,0,0,0.1,0.9,0.9,0,0,0.7,0.1,0,0,0,0.1,33.2,36.4,34.4,34.1,26.1,33.5,35.2,32,32.1,36,22.3,21.1,33.7,28.6,31,33.9,33.9,32,40,32.3,35.9,27.1,19.8,29.3,30.7,29.2,27.2,32.7,36.7,39.3,30.9,38.5,44.6,38.2,39.2,31.3,40,42.1,36,38.2,41.4,27.4,24.1,38.2,33.8,35.3,39.2,37.4,35.6,45,37.4,41.8,31.7,23.8,33.8,36.4,35.3,31,38.5,43.2,45.4,35.6,,,,,,22.2204,114.2127
2026-10-03T11:00,27.6,27.9,27.9,28.4,27.8,27.8,28,27.7,28.7,27.6,28.1,27.7,27.8,27.9,27.3,27.9,28.2,27.5,28.1,28.7,28.7,27.8,27.2,26.8,28.7,28.3,27.4,27.9,27.1,28.2,28.9,29,27.9,28.4,29.1,28,28.2,26.9,28.1,28,80,81,78,75,80,78,79,79,76,81,80,80,83,78,83,79,81,80,79,75,77,79,84,85,75,74,81,80,81,78,75,71,80,79,73,80,81,83,83,81,0.1,0.1,0.1,0,0,0,0.5,0.4,0,0.3,0,0,0.9,0.1,0.6,0,0,0,0,0,0,0.2,1,0.6,0,0,0.3,0.1,0,0,0,0,0,0,0,0.1,0.1,0.1,0.4,0,9.8,12.1,13.7,10.9,10.2,10.2,10.7,18,10,12.2,6.2,12,7.4,9.2,11.9,6.9,6.2,8.9,14.4,11.7,13.4,6.5,6.4,7.9,11.2,12.3,8.7,5.9,15.4,8.3,8.4,9.7,8,8.6,11.2,14.8,8.6,10.7,12.8,11.7,,,,,,,,,,,,,,,,,,,,,,,,,,,,,,,,,,,,,,,,,27.3,27.3,26.3,27,28,27.6,27.1,26.7,27.7,27.3,25.8,27.2,27.4,28,27,27,26.3,26.5,26.3,27.3,27,27.7,28,26.4,26.8,27.1,27.2,28.1,27.1,25.7,27.2,76,75,78,76,72,77,78,74,78,75,89,78,75,74,76,77,78,76,77,75,79,77,76,77,73,77,78,76,74,77,78,0,0,0,0,0.2,0.3,0.1,0,1.3,0.1,5.3,1.7,0,1.2,0.1,0.1,0.1,0,0,0,0.1,0.9,0.9,0,0,0.7,0.1,0,0,0,0.1,32.6,35.1,32.8,32.9,27.1,34.2,34.6,30.7,31.8,35.3,21.3,20.5,32.6,30,30.2,32.8,33.2,31.4,39.3,31.9,35.2,27.3,19.3,28.3,29.9,28.7,27.2,31.8,34.8,38,30.1,37.8,42.1,36,37.4,31.3,40.3,41,34.6,37.1,40.3,25.6,23.8,36.7,34.9,34.2,37.8,36.7,34.6,44.3,36.7,40.7,32,23,32,34.2,34.9,31,37.4,40.3,42.8,34.6,,,,,,22.2204,114.2127
2026-10-03T12:00,28.2,28.3,28.3,28.8,28.2,28.2,28.4,28.1,29.2,27.9,28.5,28,28.2,28.4,27.7,28.3,28.3,27.8,28.5,29.3,29.2,28.3,27.6,27.1,29.2,28.8,27.9,28.4,27.4,28.6,29.5,29.5,28.4,29,29.6,28.4,28.6,27.1,28.4,28.6,77,80,76,72,78,76,76,76,72,79,78,78,79,76,81,77,80,78,76,71,75,76,82,84,73,72,79,77,79,75,72,69,77,76,70,78,79,82,81,78,0.1,0.1,0.1,0,0,0,0.5,0.4,0,0.3,0,0,0.9,0.1,0.6,0,0,0,0,0,0,0.2,1,0.6,0,0,0.3,0.1,0,0,0,0,0,0,0,0.1,0.1,0.1,0.4,0,10.2,12.7,13.3,11.5,11.2,11.4,10.7,17.3,11,13,7,12.1,7.4,10.5,12.5,7.8,7.6,10,15.2,13.4,14.3,6.7,6.6,8.7,12.5,12.4,9.5,6.7,15.5,9.4,9.8,10.8,9.5,9.7,12,14.8,9.6,11.4,13.6,12.7,,,,,,,,,,,,,,,,,,,,,,,,,,,,,,,,,,,,,,,,,27.4,27.4,26.4,27,28,27.7,27.2,26.8,27.7,27.4,26,27.2,27.5,28.2,27.1,27.1,26.4,26.6,26.3,27.3,27.1,27.7,28.1,26.6,27,27,27.3,28.1,27.2,25.8,27.3,75,74,77,75,72,76,77,74,78,74,86,78,75,74,76,76,77,75,77,75,79,77,75,77,72,77,78,76,74,77,78,0,0,0,0,0.1,0,0,0,0.1,0,0.3,0.4,0,2.4,0,0,0,0,0,0,0,0.4,0.3,0.1,0,0.5,0,0,0,0,0,32,33.5,30.8,31.4,27.4,34.2,33,29.3,30.8,34.1,20.2,20,31.5,30.7,29.3,32.1,31.7,29.5,38.2,31.8,34.5,26.4,19.7,27.2,28.6,26.9,27.6,30.3,33.8,36.7,29.1,37.1,39.6,33.8,35.3,32,40,39.2,33.1,35.6,38.9,23.8,23.4,35.6,35.6,32.8,36.4,34.9,32,42.5,36.4,38.9,31.3,23.4,30.2,32.4,33.1,31.7,34.9,38.9,40.7,33.8,,,,,,22.2204,114.2127
2026-10-03T13:00,28.6,28.5,28.6,29.2,28.6,28.6,28.8,28.4,29.6,28.2,28.8,28.2,28.5,28.7,27.9,28.6,28.4,28.2,28.8,29.7,29.6,28.7,27.9,27.3,29.6,29.1,28.2,28.9,27.5,29,29.8,29.8,28.7,29.4,30.1,28.7,28.9,27.3,28.6,29.1,75,79,75,71,76,74,75,75,69,78,76,77,76,74,80,76,79,77,75,69,73,75,81,83,71,70,77,75,78,72,69,67,76,75,68,76,78,81,80,75,0.1,0.1,0.1,0,0,0,0.5,0.4,0,0.3,0,0,0.9,0.1,0.6,0,0,0,0,0,0,0.2,1,0.6,0,0,0.3,0.1,0,0,0,0,0,0,0,0.1,0.1,0.1,0.4,0,10.7,12.9,13.5,11.7,12.1,12.2,11.2,16.7,12,13.5,7.4,12.3,7.1,11.4,13.2,8.3,8.3,10.8,15.3,14.7,15.3,7.1,6.5,9.4,13,12,9.9,7.5,15.6,10.5,10.6,11.6,10.6,10.8,12.5,15,10.5,11.9,14.2,13.6,,,,,,,,,,,,,,,,,,,,,,,,,,,,,,,,,,,,,,,,,27.5,27.4,26.5,27.1,27.9,27.7,27.2,26.9,27.5,27.3,26.3,27.2,27.6,28.3,27.2,27.2,26.6,26.7,26.2,27.2,27.1,27.6,28.3,26.8,27.2,26.8,27.3,28,27.2,25.7,27.4,75,74,76,74,72,76,77,74,78,74,83,78,75,74,76,76,77,74,78,75,78,77,74,76,71,78,78,75,75,77,78,0,0,0,0,0.1,0,0,0,0.1,0,0.3,0.4,0,2.4,0,0,0,0,0,0,0,0.4,0.3,0.1,0,0.5,0,0,0,0,0,31.8,31.4,28.7,29.5,27.5,33.8,31.2,28.5,29.8,32.5,18.8,19.6,30.8,31.1,27.9,31.7,29.9,27,37.1,31.7,33.2,25.3,20.7,25.8,27.4,24.7,28.4,28.5,32.8,34.9,27.8,36.7,36.7,31.7,32.8,33.1,38.9,36.7,31.3,34.2,37.4,22.3,22.7,34.6,36,31.3,35.3,33.1,28.8,40,36,36.7,30.6,24.5,28.1,31,31,32.8,32,37.8,38.5,33.5,,,,,,22.2204,114.2127
2026-10-03T14:00,28.9,28.6,28.7,29.4,28.8,28.7,28.9,28.6,29.8,28.3,29,28.3,28.6,28.9,28,28.8,28.4,28.3,28.9,29.8,29.8,28.9,28,27.4,29.7,29.3,28.4,29.1,27.6,29.2,30,30,28.9,29.6,30.2,28.8,29,27.4,28.8,29.3,74,79,74,70,75,73,74,74,68,77,75,77,74,73,79,75,79,76,74,68,72,74,80,82,70,69,76,74,77,70,68,67,75,74,67,76,77,81,79,74,0.1,0.1,0.1,0,0,0,0.5,0.4,0,0.3,0,0,0.9,0.1,0.6,0,0,0,0,0,0,0.2,1,0.6,0,0,0.3,0.1,0,0,0,0,0,0,0,0.1,0.1,0.1,0.4,0,10.7,13,13.3,11.8,12.2,12.3,10.8,16,12.3,13.6,7.8,12.1,7.1,11.8,13,8.5,8.7,11.3,15.5,15.1,15.5,7.2,6.5,9.4,13.2,11.7,10,7.9,15.4,10.9,11,12.1,11.1,11.1,12.7,14.7,11,12.1,14.2,13.7,,,,,,,,,,,,,,,,,,,,,,,,,,,,,,,,,,,,,,,,,27.6,27.5,26.6,27.1,27.9,27.6,27.3,27,27.4,27.3,26.5,27.1,27.6,28.4,27.2,27.2,26.6,26.7,26.1,27.1,27.1,27.6,28.3,26.9,27.3,26.7,27.4,28,27.2,25.7,27.5,75,74,76,74,73,76,77,74,78,74,80,78,76,74,76,76,77,73,79,75,78,77,74,76,71,79,78,75,76,77,78,0,0,0,0,0.1,0,0,0,0.1,0,0.3,0.4,0,2.4,0,0,0,0,0,0,0,0.4,0.3,0.1,0,0.5,0,0,0,0,0,31,29.7,26.7,27.9,27.7,32.8,29.6,27.4,28.7,31,18.5,18.9,29.7,31,26.9,30.6,28.1,25.1,35.3,31.3,32.3,24.5,21.5,24.3,26.3,22.9,28.6,26.6,32.1,33.8,27.1,36,34.6,29.9,30.6,33.8,37.8,34.9,29.9,33.1,35.6,22,22,33.5,36,30.2,33.8,31,26.6,37.4,35.3,34.9,29.9,25.2,26.3,29.9,29.2,32.8,29.9,37.1,36.7,33.1,,,,,,22.2204,114.2127
2026-10-03T15:00,28.8,28.6,28.7,29.3,28.8,28.7,28.9,28.5,29.8,28.2,28.9,28.2,28.6,28.9,28,28.7,28.2,28.3,28.9,29.6,29.7,28.8,28,27.4,29.6,29.1,28.4,29,27.5,29.2,29.8,29.9,28.8,29.5,30.1,28.7,29,27.4,28.8,29.2,74,79,75,71,75,73,75,74,68,77,75,77,73,73,79,75,80,76,75,69,72,75,80,82,71,70,76,74,77,70,69,68,75,75,68,77,77,81,79,74,0,0,0.1,0,0,0,0.1,0,0,0.1,0,0,0,0,0,0,0,0,0,0,0,0,0.1,0.3,0,0,0.1,0.1,0,0,0,0,0,0,0,0.4,0,0,0,0,10.4,12.5,13,11.5,11.8,12,10.1,15.3,12.3,13.2,7.4,11.7,6.8,11.5,12.2,8,8.3,10.9,14.8,14.5,14.9,6.9,6,9.1,12.5,11.1,9.3,7.5,14.8,10.5,10.7,12.1,10.6,10.8,12,13.9,10.6,11.6,13.5,13,,,,,,,,,,,,,,,,,,,,,,,,,,,,,,,,,,,,,,,,,27.5,27.5,26.7,27.1,27.8,27.6,27.3,26.9,27.4,27.3,26.8,27.2,27.6,28.3,27.3,27.2,26.6,26.6,26,27.1,27.1,27.7,28.3,26.9,27.3,26.8,27.4,27.9,27.1,25.6,27.5,76,74,76,74,74,76,77,74,78,74,80,77,76,75,76,76,77,73,79,75,78,77,75,76,72,79,79,75,77,78,79,0,0,0,0,0.2,0,0,0,0,0,0,0,0,0.8,0,0,0,0,0,0,0,0.1,0,0,0,0.3,0,0,0,0,0,29.9,28.3,25.6,26.5,27.4,31.4,28.8,26.3,27.6,29.5,19.2,18.2,28.2,30.7,26.3,28.4,26.6,24.6,32.8,29.9,31.7,24.8,22.6,22.5,25.9,22,27,25.2,31.3,32.8,27.1,34.9,33.1,28.4,29.2,33.8,36.4,33.8,28.8,32.4,33.8,23,21.2,32,36,29.5,32,29.2,26.3,34.6,33.5,34.2,30.2,25.9,24.1,29.2,28.8,31.3,29.2,36.4,35.6,33.1,,,,,,22.2204,114.2127
2026-10-03T16:00,28.6,28.3,28.4,29,28.6,28.5,28.6,28.4,29.6,28,28.7,28,28.4,28.8,27.9,28.5,28,28.2,28.7,29.2,29.4,28.6,27.8,27.3,29.3,28.8,28.2,28.7,27.3,29,29.5,29.5,28.6,29.2,29.6,28.5,28.9,27.3,28.7,28.8,76,80,76,73,76,75,76,75,70,78,77,78,74,74,80,76,81,77,76,72,74,77,81,82,73,72,77,76,78,71,71,71,77,76,71,79,77,81,79,76,0,0,0.1,0,0,0,0.1,0,0,0.1,0,0,0,0,0,0,0,0,0,0,0,0,0.1,0.3,0,0,0.1,0.1,0,0,0,0,0,0,0,0.4,0,0,0,0,9.7,11.3,11.9,10.2,10.8,11,9,14.3,11.5,12.2,6.9,10.9,6.6,10.4,11,7.2,7.6,10.1,13.6,12.5,13.9,6.6,5.5,8.2,11.5,10,8.7,7.1,14.1,9.4,9.3,11.4,9.3,9.9,10.5,12.8,10.3,10.5,12.2,11.8,,,,,,,,,,,,,,,,,,,,,,,,,,,,,,,,,,,,,,,,,27.4,27.6,26.6,27.2,27.8,27.5,27.3,26.9,27.4,27.3,27,27.4,27.5,28,27.3,27.2,26.5,26.5,26,27,27,27.8,28.1,26.9,27.1,27.1,27.5,27.8,27.1,25.5,27.6,77,75,77,75,75,77,78,75,78,75,80,77,77,77,76,76,78,73,80,75,78,77,76,75,73,78,79,75,77,78,79,0,0,0,0,0.2,0,0,0,0,0,0,0,0,0.8,0,0,0,0,0,0,0,0.1,0,0,0,0.3,0,0,0,0,0,28.6,27.7,24.8,25.3,27.6,29.6,28.4,25.4,27,28.1,20.5,17.7,26.7,30.2,25.9,26.4,25.6,25,30.2,28.1,31.3,25.9,23,20.6,26,22,25.2,24.3,30.8,32,28.1,33.5,32.4,27.7,27.7,33.8,34.6,33.5,27.7,32,32,25.2,20.9,30.2,36,29.2,30.2,27.7,26.6,31.7,31.3,34.2,31,26.6,22,28.4,29.2,28.8,29.5,36,34.9,32.8,,,,,,22.2204,114.2127
2026-10-03T17:00,28.3,28.1,28.1,28.6,28.4,28.2,28.3,28.1,29.3,27.7,28.3,27.7,28.1,28.6,27.8,28.2,27.8,28.1,28.4,28.6,29,28.2,27.6,27.1,28.8,28.3,27.9,28.3,27,28.8,29,29,28.2,28.8,29.1,28.1,28.6,27.2,28.5,28.4,78,81,79,76,78,77,79,77,73,79,79,80,75,76,81,78,82,78,79,76,76,80,83,83,75,75,78,77,79,74,74,74,78,78,75,81,78,81,80,79,0,0,0.1,0,0,0,0.1,0,0,0.1,0,0,0,0,0,0,0,0,0,0,0,0,0.1,0.3,0,0,0.1,0.1,0,0,0,0,0,0,0,0.4,0,0,0,0,8.7,10.4,11.1,9.3,9.4,9.9,7.9,13.4,10.8,11,6.2,9.8,6.2,8.8,9.4,5.9,6.5,9.3,12.3,10.2,12.1,6,5,7.1,10,9.1,7.3,6,13.1,8,7.9,10.7,8,8.6,8.6,11.6,9.2,9.2,10.8,10,,,,,,,,,,,,,,,,,,,,,,,,,,,,,,,,,,,,,,,,,27.3,27.6,26.6,27.2,27.7,27.5,27.3,26.8,27.4,27.2,27.2,27.5,27.5,27.9,27.3,27.2,26.4,26.4,26,26.9,26.9,27.8,28,26.9,27,27.3,27.5,27.8,27,25.5,27.6,78,76,78,75,76,78,79,75,78,76,81,76,77,78,77,76,79,74,80,76,79,78,77,75,74,78,80,76,78,79,80,0,0,0,0,0.2,0,0,0,0,0,0,0,0,0.8,0,0,0,0,0,0,0,0.1,0,0,0,0.3,0,0,0,0,0,27.6,27,24.1,24.5,28.2,28.2,28.1,24.4,26.3,26.7,22,16.8,25.9,29.7,25.6,24.7,24.5,25.2,27.4,26.3,31.1,26.7,23.4,19.2,25.6,22.5,23.5,24,30,31.1,28.7,32.4,31.7,27,27,34.6,33.1,33.1,27,31.7,30.6,27.4,19.8,29.5,35.6,28.8,29.2,26.6,27.4,28.8,29.5,33.8,31.3,26.6,20.5,28.1,29.5,27,29.9,35.3,34.2,32.8,,,,,,22.2204,114.2127
2026-10-03T18:00,27.9,27.7,27.7,28.2,28.1,27.9,27.9,27.8,29,27.4,28,27.4,27.8,28.3,27.6,27.9,27.5,27.8,28.1,28,28.5,27.8,27.3,26.9,28.4,27.8,27.6,27.9,26.7,28.5,28.4,28.5,27.8,28.4,28.4,27.8,28.4,27,28.3,27.9,80,83,81,79,79,79,81,79,75,81,81,81,76,78,82,80,84,80,81,80,78,83,84,83,78,77,80,79,80,76,78,77,80,81,79,83,79,81,80,81,0,0,0.1,0,0,0,0.1,0,0,0.1,0,0,0,0,0,0,0,0,0,0,0,0,0.1,0.3,0,0,0.1,0.1,0,0,0,0,0,0,0,0.4,0,0,0,0,7.9,9.1,10,8.1,7.9,8.9,6.6,12.7,9.8,9.6,5.4,8.9,5.7,7,8.1,4.7,5.4,8.3,10.6,7.9,10.3,5.2,4.3,6.2,8.1,8.1,6.2,5.2,12.1,6.2,6.5,9.7,6.2,7.3,6.6,10.1,8,7.9,9.1,8.4,,,,,,,,,,,,,,,,,,,,,,,,,,,,,,,,,,,,,,,,,27.2,27.6,26.6,27.2,27.6,27.4,27.2,26.7,27.4,27.2,27.2,27.5,27.4,27.8,27.2,27.2,26.3,26.3,26,26.8,26.8,27.7,27.9,26.8,26.9,27.4,27.5,27.7,27,25.5,27.5,79,77,79,75,77,79,80,75,79,77,82,76,78,79,78,77,80,76,80,77,80,79,78,75,75,79,81,77,79,79,80,0,0,0,0,0.7,0,0,0,0,0,0.1,0.2,0,0.2,0,0,0,0,0,0,0.1,0.8,0.7,0,0,0.1,0,0,0,0,0,26.4,26.3,23.8,23.8,30.5,27.8,28.1,23.6,25.6,25.6,23.1,15.5,26.3,28.9,25.7,24.6,24.1,25.2,24.8,25.2,30,26.7,22.7,19.2,24.5,23.1,22.8,24.3,29.2,30.1,28.5,31.7,31,27,26.6,37.1,32.8,33.1,26.6,30.6,29.5,28.8,18,30.2,34.9,28.8,29.5,26.3,28.1,26.3,29.2,33.5,31.7,25.9,20.9,27.4,29.5,26.3,30.6,34.6,33.1,32.4,,,,,,22.2204,114.2127
2026-10-03T19:00,27.5,27.4,27.4,27.8,27.9,27.6,27.5,27.5,28.7,27.1,27.6,27.1,27.4,28,27.4,27.6,27.2,27.7,27.8,27.4,28.1,27.5,27.1,26.7,27.9,27.3,27.2,27.5,26.5,28.2,28,28.1,27.5,28,27.9,27.5,28.1,26.9,28.1,27.4,83,84,83,82,81,81,83,81,78,82,84,83,77,80,83,82,85,81,83,83,80,86,85,84,80,80,81,81,81,78,81,80,82,83,82,86,80,82,81,83,0,0,0.1,0,0,0,0.1,0,0,0.1,0,0,0,0,0,0,0,0,0,0,0,0,0.1,0.3,0,0,0.1,0.1,0,0,0,0,0,0,0,0.4,0,0,0,0,7.1,7.9,9.1,6.9,6.8,7.9,5.2,11.6,9.3,8.4,4.7,8,5.2,5.7,6.5,3.4,4.3,7.5,9.3,5.6,8.9,4.2,3.8,5.1,6.6,7.1,4.8,4.5,11.1,5.1,5,8.9,4.6,6.2,5.1,9.1,7.2,6.5,7.9,7,,,,,,,,,,,,,,,,,,,,,,,,,,,,,,,,,,,,,,,,,27.1,27.5,26.6,27.3,27.5,27.3,27.1,26.7,27.3,27.1,27.1,27.6,27.2,27.8,27,27.1,26.1,26.1,25.9,26.7,26.7,27.5,27.8,26.7,26.8,27.4,27.4,27.7,27,25.5,27.4,80,78,79,75,79,80,80,76,80,79,82,76,79,80,79,77,80,78,81,78,81,80,79,76,76,80,81,78,79,79,81,0,0,0,0,0.7,0,0,0,0,0,0.1,0.2,0,0.2,0,0,0,0,0,0,0.1,0.8,0.7,0,0,0.1,0,0,0,0,0,25.6,25.2,23.4,23,33.6,27.7,28.1,23.4,24.8,24.2,24.2,13.8,27.4,28.2,25.6,25.3,23.8,24.8,22.7,24.5,28.5,26.7,21.7,19.9,23.4,23.9,22.7,25,28.2,29.1,27.8,31,30.2,27,26.6,40.7,32.4,33.1,27,29.5,28.4,30.2,16.2,32,34.2,29.5,30.2,26.6,29.2,23.8,29.5,32.8,31.7,24.8,22.3,27,29.5,25.6,31.3,33.5,31.7,32,,,,,,22.2204,114.2127
2026-10-03T20:00,27.3,27.2,27.1,27.6,27.7,27.3,27.3,27.3,28.5,26.9,27.4,26.8,27.2,27.8,27.3,27.3,27,27.5,27.6,27,27.8,27.2,26.9,26.5,27.6,27,27,27.2,26.3,27.9,27.6,27.8,27.2,27.7,27.5,27.2,27.9,26.7,27.9,27.1,84,85,85,84,82,83,85,82,80,83,85,84,79,81,84,83,86,82,85,86,81,88,86,84,82,82,82,83,82,80,83,82,83,85,85,87,81,82,82,85,0,0,0.1,0,0,0,0.1,0,0,0.1,0,0,0,0,0,0,0,0,0,0,0,0,0.1,0.3,0,0,0.1,0.1,0,0,0,0,0,0,0,0.4,0,0,0,0,6.4,7.2,8.4,6.1,6,7.1,4.4,11.3,9,7.3,4,7.3,5.2,4.6,5.8,2.4,3.6,6.7,8.2,4,7.7,3.7,3.3,4.3,5.5,6.4,4,3.7,10.5,4,4,8.6,3.7,5.2,4,8.5,6.4,5.7,7,5.8,,,,,,,,,,,,,,,,,,,,,,,,,,,,,,,,,,,,,,,,,27,27.5,26.5,27.3,27.4,27.3,27.1,26.7,27.2,27,27.1,27.5,27.1,27.8,26.9,27.1,26.1,26.1,26,26.7,26.7,27.4,27.8,26.6,26.8,27.4,27.3,27.7,27,25.6,27.3,81,79,80,76,80,81,81,76,81,80,83,77,80,80,80,78,81,79,81,79,82,81,80,76,77,81,82,79,80,79,81,0,0,0,0,0.7,0,0,0,0,0,0.1,0.2,0,0.2,0,0,0,0,0,0,0.1,0.8,0.7,0,0,0.1,0,0,0,0,0,24.8,24.5,23.4,22.7,35.9,27.4,28.1,23.4,24.5,23.5,25.3,13.1,28.4,27.4,25.6,25.6,23.8,24.5,20.5,24.1,27.4,26.3,20.7,20.2,22.7,24.7,22.4,25.6,27.5,28.1,27.1,30.2,29.5,27.4,27,43.6,32,32.8,27.4,28.8,27.7,31.3,15.1,33.5,33.1,29.9,31,27,29.5,21.6,29.9,32.4,31.3,23.8,23.4,26.6,29.9,25.6,31.7,32.8,30.6,31.7,,,,,,22.2204,114.2127
2026-10-03T21:00,27.1,27,26.9,27.4,27.6,27.1,27.1,27.2,28.3,26.8,27.3,26.7,27,27.7,27.1,27.2,26.9,27.5,27.5,26.8,27.7,27.1,26.7,26.4,27.5,26.8,26.9,27,26.2,27.7,27.4,27.6,26.9,27.5,27.2,27.1,27.8,26.6,27.8,26.9,85,86,86,85,83,84,86,83,81,84,86,85,81,82,85,84,87,83,86,88,82,89,86,84,83,83,83,84,83,81,84,83,84,87,87,88,82,83,83,86,0,0.1,0.1,0.1,0,0.1,0,0.9,0,0.2,0,0,0,0,0.5,0,0,0,0,0,0,0,0,0,0,0,0,0.1,0,0,0,0,0.1,0,0,0.7,0.5,0,0.6,0,6,6.8,7.6,5.4,5.5,6.6,3.6,10.8,9,6.5,3.8,6.9,5.1,4.1,5.4,1.6,3.2,6.4,7.4,3.3,6.9,3.2,2.9,4,4.8,6.1,3.2,3.3,9.7,3.6,3.7,8.5,3.3,4.7,3.6,8.3,6.1,5.2,6.6,5.4,,,,,,,,,,,,,,,,,,,,,,,,,,,,,,,,,,,,,,,,,26.9,27.4,26.5,27.3,27.4,27.3,27.1,26.6,27.2,26.9,27.1,27.3,27.1,27.7,26.8,27.1,26.1,26.2,26.1,26.7,26.7,27.2,27.8,26.6,26.8,27.3,27.2,27.6,27,25.6,27.3,81,80,80,77,80,81,81,76,81,81,83,78,80,80,80,78,81,79,80,79,83,81,80,77,77,82,82,80,80,80,82,0.1,0.4,0,0,0.7,0.1,0,0,0,0,0.1,1.4,0,0.1,0,0,0,0,0,0,0.1,1.6,3.4,0,0,1,0.7,0,0,0.1,0.1,24.5,24.1,23.4,23.1,37.2,25.9,27.4,24.2,24.9,23.1,26,13.7,29.2,26.3,25.9,25.2,24.1,24.1,18.4,23.8,27,25.6,19.7,19.9,22.7,24.9,22.1,25.2,27.2,27.5,26.3,29.5,29.2,27.7,27.4,44.6,30.6,32,28.4,29.5,27,32,15.5,34.6,32,30.6,31,27.7,29.5,19.4,29.5,32,30.2,23,23,27,30.2,25.6,31.3,32,30.2,31,,,,,,22.2204,114.2127
2026-10-03T22:00,27,26.8,26.7,27.3,27.6,27,26.9,27,28.2,26.7,27.2,26.5,26.7,27.5,26.9,27,26.7,27.4,27.4,26.6,27.6,26.9,26.6,26.3,27.4,26.7,26.7,26.8,26.1,27.5,27.3,27.5,26.7,27.4,27.1,27,27.6,26.4,27.6,26.8,85,86,87,86,83,85,87,84,82,85,86,86,83,82,86,86,87,83,87,89,83,90,86,85,84,84,84,85,83,82,85,84,84,88,88,88,83,83,84,86,0,0.1,0.1,0.1,0,0.1,0,0.9,0,0.2,0,0,0,0,0.5,0,0,0,0,0,0,0,0,0,0,0,0,0.1,0,0,0,0,0.1,0,0,0.7,0.5,0,0.6,0,6,6.5,7.2,5.1,5.4,6.5,3.2,11.1,9.7,5.7,3.1,6.1,5,3.8,5.2,1.1,2.9,6.7,6.8,2.9,6.4,3,2.9,3.2,4.5,5.6,2.6,2.9,9,3.3,3.5,8.4,2.9,4,3.2,8.4,5.6,4.9,6.9,5,,,,,,,,,,,,,,,,,,,,,,,,,,,,,,,,,,,,,,,,,26.9,27.3,26.6,27.2,27.4,27.3,27.1,26.6,27.2,26.9,27.1,27,27.1,27.7,26.9,27.1,26.1,26.3,26.2,26.8,26.7,27.1,27.8,26.6,26.8,27.2,27.1,27.5,26.9,25.5,27.2,81,80,80,79,80,81,81,77,81,81,83,79,80,80,81,79,81,79,79,80,83,81,79,77,78,82,83,80,81,80,82,0.1,0.4,0,0,0.7,0.1,0,0,0,0,0.1,1.4,0,0.1,0,0,0,0,0,0,0.1,1.6,3.4,0,0,1,0.7,0,0,0.1,0.1,24.1,23.9,23.4,23.4,37.7,24.5,26.4,25.7,25.8,22.7,26.7,15.3,29.9,25.2,25.9,24.8,24.9,23.8,16.6,23.4,27.4,24.5,19.1,19.5,23.4,25.2,21.5,24.8,26.9,27,25.4,28.8,29.2,28.1,28.1,45,29.2,31,30.2,30.6,26.6,32.8,16.9,35.3,30.6,31.3,30.6,28.8,28.8,17.6,28.8,31.7,29.2,22,22.3,27.7,31,25.9,30.6,31.3,30.2,29.9,,,,,,22.2204,114.2127
2026-10-03T23:00,27,26.6,26.5,27.3,27.6,26.8,26.8,26.9,28.1,26.5,27.2,26.4,26.5,27.4,26.7,26.9,26.6,27.4,27.3,26.5,27.6,26.8,26.5,26.3,27.4,26.7,26.6,26.7,26,27.3,27.3,27.4,26.5,27.3,27,26.9,27.4,26.3,27.4,26.7,85,87,88,87,83,85,88,85,83,86,87,87,85,83,88,87,88,83,88,90,83,91,86,85,85,84,85,86,84,83,86,85,85,89,88,89,84,84,85,87,0,0.1,0.1,0.1,0,0.1,0,0.9,0,0.2,0,0,0,0,0.5,0,0,0,0,0,0,0,0,0,0,0,0,0.1,0,0,0,0,0.1,0,0,0.7,0.5,0,0.6,0,6,6.1,6.8,4.5,5.4,6.3,2.9,10.9,10,5.2,2.9,5.8,5.4,3.4,4.8,0.5,2.9,6.7,6.3,2.9,6.3,2.9,2.9,2.9,4.7,5.5,2.5,2.9,8.2,3.2,3.5,8.4,3,3.5,3.2,8.9,5.6,4.9,7.3,5,,,,,,,,,,,,,,,,,,,,,,,,,,,,,,,,,,,,,,,,,26.9,27.3,26.6,27.2,27.4,27.3,27.1,26.5,27.2,26.8,27.1,26.8,27.1,27.6,26.8,27.1,26.2,26.4,26.3,26.8,26.7,27,27.7,26.6,26.8,27.1,27,27.4,26.9,25.5,27.1,81,80,80,80,80,81,81,77,81,81,83,80,80,80,81,79,81,79,78,80,83,81,79,78,78,82,83,81,81,81,83,0.1,0.4,0,0,0.7,0.1,0,0,0,0,0.1,1.4,0,0.1,0,0,0,0,0,0,0.1,1.6,3.4,0,0,1,0.7,0,0,0.1,0.1,24.1,24.2,23.8,23.8,38.2,23.1,25.5,26.8,26.4,22.3,26.7,17.1,30.3,24.1,26.3,24.1,25.2,23.4,14.8,23,27.7,23.4,17.7,18.7,23.8,25.6,21.6,24.5,27.1,26.5,24.6,28.4,29.2,28.4,28.1,45.4,27.7,29.9,31.3,31.3,26.3,32.8,18.7,36,29.5,31.7,30.2,29.2,28.1,15.8,28.1,31.7,27.7,20.5,21.6,28.1,31.7,26.3,30.2,31.3,29.9,28.8,,,,,,22.2204,114.2127
2026-10-04T00:00,27,26.5,26.4,27.2,27.6,26.7,26.7,26.7,28,26.5,27.2,26.3,26.4,27.3,26.4,26.8,26.4,27.3,27.3,26.4,27.6,26.7,26.4,26.2,27.4,26.6,26.5,26.6,26,27.1,27.3,27.4,26.3,27.2,26.9,26.8,27.3,26.2,27.2,26.6,85,87,89,87,84,86,89,86,84,86,87,87,88,83,89,88,88,84,88,91,84,91,86,86,85,85,85,87,84,83,86,85,85,91,89,89,86,85,87,87,0,0.1,0.1,0.1,0,0.1,0,0.9,0,0.2,0,0,0,0,0.5,0,0,0,0,0,0,0,0,0,0,0,0,0.1,0,0,0,0,0.1,0,0,0.7,0.5,0,0.6,0,6.4,5.8,6.5,4.2,5.2,6.2,3,11.2,10.6,4.8,2.3,5.4,5.9,3.4,4.8,0.7,2.5,7,6,2.9,6.2,2.6,2.5,2.9,4.4,5.4,2.2,2.6,7.6,3.6,3.8,8.7,3,3.4,3.6,9.2,5.5,4.8,7.3,5,,,,,,,,,,,,,,,,,,,,,,,,,,,,,,,,,,,,,,,,,26.9,27.3,26.5,27.1,27.2,27.2,27,26.5,27.1,26.7,27,26.7,27,27.5,26.7,27.1,26.1,26.3,26.3,26.8,26.6,26.9,27.2,26.6,26.7,27.1,27,27.2,26.8,25.4,26.9,81,80,81,80,80,81,81,77,81,81,83,80,80,80,81,79,81,79,77,80,83,82,81,78,79,82,83,81,81,81,83,0.1,0.4,0,0.2,0.7,0,0.1,0,0.1,0.3,0.8,2.4,0.1,0,0,0.1,0,0,0,0.1,0.1,0.3,3.4,0,0,0.3,1.5,0.2,0,0.1,1.5,24.9,24.5,24.1,23.4,38.7,22.6,24.6,27.1,25.9,22,25.9,18.8,30.3,23.4,26.3,23.4,24.9,23.1,13.7,22.3,28.1,22.3,15.3,18,24.2,27.1,21.9,24.9,27.7,25.8,23.4,29.2,29.2,28.8,27.4,45.7,26.6,28.8,31.7,30.6,25.9,31.7,20.5,36,28.4,31.7,29.5,28.4,27.4,14.8,27,31.7,26.3,18,20.5,28.1,33.1,26.6,30.2,32,29.2,27.4,,,,,,22.2204,114.2127
2026-10-04T01:00,27,26.4,26.3,27.2,27.6,26.6,26.6,26.6,27.9,26.4,27.2,26.2,26.2,27.2,26.3,26.7,26.4,27.3,27.3,26.4,27.6,26.7,26.4,26.2,27.3,26.6,26.5,26.6,25.9,27,27.3,27.4,26.2,27.2,26.9,26.8,27.2,26,27.1,26.6,85,88,90,88,84,86,90,87,85,87,87,88,90,83,90,89,88,84,89,91,85,91,86,86,85,85,86,88,85,84,87,85,86,92,89,88,86,86,87,87,0,0.1,0.1,0.1,0,0.1,0,0.9,0,0.2,0,0,0,0,0.5,0,0,0,0,0,0,0,0,0,0,0,0,0.1,0,0,0,0,0.1,0,0,0.7,0.5,0,0.6,0,6.3,5.9,6.1,3.9,5.2,6.1,2.7,11.5,10.9,4.5,2,5.1,5.9,3.4,4.6,1.1,2.5,7,5.5,3.3,5.7,2.9,2.5,2.5,4.4,5.2,2.4,2.6,6.8,3.6,3.8,9,3,2.9,3.6,9.7,5.2,4.8,7.7,4.9,,,,,,,,,,,,,,,,,,,,,,,,,,,,,,,,,,,,,,,,,26.9,27.3,26.3,27.1,27,27.2,26.9,26.4,27,26.7,26.7,26.7,26.9,27.3,26.5,27.1,26,26.2,26.3,26.8,26.5,26.8,26.5,26.5,26.6,27.2,27,27,26.7,25.4,26.6,82,79,81,80,80,81,82,78,80,81,82,81,81,81,82,79,81,80,77,81,82,82,83,78,79,81,83,82,81,81,84,0.1,0.4,0,0.2,0.7,0,0.1,0,0.1,0.3,0.8,2.4,0.1,0,0,0.1,0,0,0,0.1,0.1,0.3,3.4,0,0,0.3,1.5,0.2,0,0.1,1.5,25.6,24.5,24.5,22.3,38.6,22.5,23.9,27.4,25.2,21.6,24.8,20.2,30.3,23.5,26.3,22.7,23.8,23.1,13,21.8,28.5,21.6,12.1,17.7,24.2,28.8,22.5,25.4,28.6,25.4,22,30.2,29.2,28.8,26.3,45.7,25.6,27.7,31.3,29.2,25.9,29.9,22.7,36,27.7,31.7,28.4,27.4,26.3,14,25.9,32,24.8,15.1,19.4,27.7,35.3,27,30.2,33.5,28.8,25.6,,,,,,22.2204,114.2127
2026-10-04T02:00,27,26.3,26.2,27.2,27.5,26.6,26.5,26.6,27.8,26.4,27.2,26.1,26.1,27.1,26.2,26.7,26.3,27.3,27.2,26.4,27.5,26.7,26.3,26.2,27.3,26.6,26.5,26.6,25.9,26.9,27.2,27.4,26.1,27.1,26.9,26.8,27.1,26,27,26.6,85,88,90,88,84,86,90,87,85,87,87,88,91,83,90,89,88,84,89,91,85,91,86,86,86,85,86,88,85,84,87,85,86,92,89,88,87,86,88,87,0,0.1,0.1,0.1,0,0.1,0,0.9,0,0.2,0,0,0,0,0.5,0,0,0,0,0,0,0,0,0,0,0,0,0.1,0,0,0,0,0.1,0,0,0.7,0.5,0,0.6,0,6.3,5.5,6.2,3.7,5.1,6.1,2.6,11.5,10.8,4,2.1,4.7,6,3.3,4.2,1.6,2.5,7,5.4,3,5.6,3.1,2.2,2.5,3.9,4.8,2.3,2.7,6.3,3.6,3.7,9,2.6,2.9,3.7,9.8,5,4.8,7.7,4.8,,,,,,,,,,,,,,,,,,,,,,,,,,,,,,,,,,,,,,,,,26.8,27.3,26.2,27,26.9,27.1,26.8,26.4,26.9,26.6,26.6,26.6,26.9,27.2,26.4,27.1,26,26.1,26.3,26.7,26.5,26.8,26.1,26.5,26.5,27.2,27,26.8,26.6,25.3,26.5,82,79,82,80,80,82,82,78,80,81,82,81,81,81,82,79,81,80,76,81,82,83,85,78,80,81,83,82,81,81,84,0.1,0.4,0,0.2,0.7,0,0.1,0,0.1,0.3,0.8,2.4,0.1,0,0,0.1,0,0,0,0.1,0.1,0.3,3.4,0,0,0.3,1.5,0.2,0,0.1,1.5,26.4,24.7,24.5,21.6,38.6,22.8,23.7,27.4,24.8,21.6,24.1,21.3,30,23.4,25.9,22.5,23,22.8,12.3,22,28.9,21,10.2,17.3,24.2,29.9,22.7,25.9,29.3,24.7,20.9,31,29.2,28.4,25.6,45.4,25.2,27,31.3,28.4,25.9,28.8,24.5,35.6,27.4,31.3,28.1,26.3,25.6,13.3,25.6,32.4,23.8,13,19.1,27.4,36.4,27,30.2,34.2,27.7,24.5,,,,,,22.2204,114.2127
2026-10-04T03:00,27,26.3,26.2,27.1,27.4,26.5,26.5,26.5,27.7,26.3,27.2,26.1,26.1,27.1,26.2,26.7,26.3,27.3,27.2,26.4,27.4,26.7,26.3,26.3,27.1,26.6,26.5,26.6,25.9,26.9,27.1,27.4,26.1,27.1,26.9,26.8,27.1,25.9,27,26.5,85,88,90,88,85,86,90,87,85,87,87,88,92,83,90,89,88,84,89,91,86,91,86,86,87,85,86,88,85,84,87,85,86,92,89,88,87,86,88,87,0,0.2,0.2,1.1,0.7,0.1,0,0.5,0,0.3,0,0,0.5,0,0.1,0,0.1,0,0.1,0,0.1,0,0,0.3,2,0.1,0,0.2,0,0,0.1,0,0,0.8,0,0.1,0.3,0,1.6,0.6,6.2,5.1,6.2,3.4,5.1,6.1,2.5,11.6,10.4,3.6,2.3,4.5,6,3.3,3.7,1.8,2.6,6.9,5.1,2.9,5.2,3.2,1.8,2.5,3.2,4.4,2.3,2.9,5.7,3.7,3.3,9,2.2,2.5,3.4,10,4.6,4.4,7.3,4.3,,,,,,,,,,,,,,,,,,,,,,,,,,,,,,,,,,,,,,,,,26.7,27.2,26.2,26.8,26.7,26.9,26.7,26.3,26.8,26.6,26.7,26.6,26.8,27.1,26.4,27.1,25.9,25.9,26.4,26.6,26.5,26.7,26.1,26.4,26.4,27.1,26.9,26.8,26.5,25.3,26.4,82,79,82,80,79,83,82,79,80,81,82,81,81,81,82,79,81,80,75,82,82,83,84,79,81,81,83,82,81,81,84,0.2,0,0,0.7,0.2,0.3,0.1,0,0.1,0.8,0.1,1.7,1.8,0,0.1,0.3,0,0,0,0.1,0.1,2.2,1.1,0.1,0.2,0.3,2,0.4,0,0,0.9,26.2,24.8,23.4,21.4,37.9,23.7,23.3,27.2,25.2,22,24.5,21.3,29.7,23.7,25.2,23.2,23.1,22.6,11.6,23.5,28.6,20.6,9.5,17.4,23.9,30.3,22.3,25.9,29.4,23.9,20.6,31,29.2,27,25.2,44.6,26.3,26.3,31.3,29.2,26.6,29.5,25.2,35.6,27.4,30.6,28.4,25.9,24.8,13,27,32.4,23,11.9,19.4,27,36.4,26.6,30.2,34.2,26.6,24.8,,,,,,22.2204,114.2127
2026-10-04T04:00,27,26.2,26.2,27,27.3,26.5,26.5,26.4,27.6,26.3,27.2,26,26,27.1,26.2,26.7,26.3,27.3,27.1,26.4,27.3,26.7,26.3,26.3,27,26.5,26.4,26.6,25.8,26.9,27,27.3,26,27.1,26.9,26.8,27.1,25.9,26.9,26.4,84,89,90,89,85,86,90,87,86,87,87,89,92,84,89,89,88,84,89,90,86,91,86,86,88,85,86,88,86,84,88,85,87,92,89,87,87,87,88,88,0,0.2,0.2,1.1,0.7,0.1,0,0.5,0,0.3,0,0,0.5,0,0.1,0,0.1,0,0.1,0,0.1,0,0,0.3,2,0.1,0,0.2,0,0,0.1,0,0,0.8,0,0.1,0.3,0,1.6,0.6,6.2,5,6.2,3.4,4.7,6.2,2.6,11.7,9.8,3.6,2.2,4.2,5.7,2.9,3.1,1.8,2.3,6.5,5.1,2.8,5.2,3.3,1.6,2.9,2.6,4,2.6,2.9,5.2,3.5,3.2,9.4,1.5,2.7,3.4,10.1,4.4,4.3,6.5,4,,,,,,,,,,,,,,,,,,,,,,,,,,,,,,,,,,,,,,,,,26.6,27.1,26.1,26.6,26.6,26.7,26.6,26.2,26.7,26.5,26.8,26.5,26.7,26.9,26.3,27,25.9,25.7,26.4,26.3,26.5,26.7,26.3,26.3,26.4,27.1,26.7,26.7,26.5,25.2,26.4,82,80,82,81,79,84,82,80,80,82,81,82,81,81,82,80,82,81,75,83,81,84,83,79,82,80,83,81,80,80,84,0.2,0,0,0.7,0.2,0.3,0.1,0,0.1,0.8,0.1,1.7,1.8,0,0.1,0.3,0,0,0,0.1,0.1,2.2,1.1,0.1,0.2,0.3,2,0.4,0,0,0.9,25.6,25.2,22,21.4,37.2,24.8,22.9,26.9,26.3,22.7,25.7,20.9,29.5,24,24.5,24.7,23.3,22,11,25.4,28,20.4,9.5,17.9,23.6,30.1,22,26.2,29.4,23,21.1,30.6,29.2,25.2,24.8,43.6,27.7,25.9,31.3,30.6,28.1,31,25.6,35.6,27.7,29.5,29.5,25.9,24.5,12.6,28.8,32.4,23,11.9,20.2,26.6,35.6,26.3,30.2,33.5,25.2,25.6,,,,,,22.2204,114.2127
2026-10-04T05:00,27.1,26.2,26.3,26.9,27.1,26.6,26.5,26.4,27.5,26.3,27.2,26,26,27.1,26.3,26.8,26.4,27.3,27.1,26.5,27.2,26.8,26.3,26.4,26.8,26.5,26.4,26.7,25.8,26.9,26.9,27.3,26,27.1,26.9,26.8,27.1,25.8,26.8,26.4,84,89,89,89,86,87,90,87,86,87,87,89,92,84,89,89,88,84,88,90,87,91,86,86,88,86,87,88,86,84,88,84,88,91,89,86,87,87,88,89,0,0.2,0.2,1.1,0.7,0.1,0,0.5,0,0.3,0,0,0.5,0,0.1,0,0.1,0,0.1,0,0.1,0,0,0.3,2,0.1,0,0.2,0,0,0.1,0,0,0.8,0,0.1,0.3,0,1.6,0.6,5.8,5.2,6.6,2.9,4.4,6.2,2.7,11.8,9.3,3.6,2.5,4.2,5.4,3,2.8,1.8,2.4,6.1,4.9,3.4,4.8,3.6,1.5,2.9,1.8,3.7,2.4,3.1,4.7,3.7,2.9,9.4,1.5,2.9,3.6,10,4,4,5.8,3.7,,,,,,,,,,,,,,,,,,,,,,,,,,,,,,,,,,,,,,,,,26.6,27,26.2,26.5,26.5,26.6,26.6,26.2,26.7,26.5,27,26.5,26.7,26.9,26.4,27,25.9,25.6,26.5,26.2,26.6,26.6,26.6,26.2,26.4,27.1,26.7,26.8,26.6,25.2,26.5,82,80,82,81,78,85,82,81,80,82,81,82,81,81,81,80,82,81,74,84,81,84,81,80,82,80,83,81,80,79,83,0.2,0,0,0.7,0.2,0.3,0.1,0,0.1,0.8,0.1,1.7,1.8,0,0.1,0.3,0,0,0,0.1,0.1,2.2,1.1,0.1,0.2,0.3,2,0.4,0,0,0.9,25.4,24.8,21.2,21.5,36.2,25.6,22.6,26.6,26.9,23.5,26.2,20.5,29.2,24.4,23.9,26.1,23.7,21.8,11.6,27.1,27.6,20.5,10,18.8,23.4,30.1,22.1,26.2,29.1,22.1,21.1,29.9,28.8,23.8,24.5,42.1,28.8,25.6,31,31.3,28.8,31.7,25.6,35.6,28.1,28.4,30.6,26.3,24.5,12.6,30.6,32,23,12.2,21.2,26.6,34.9,26.3,30.2,33.1,23.8,25.9,,,,,,22.2204,114.2127
2026-10-04T06:00,27.2,26.2,26.4,26.8,27,26.6,26.5,26.4,27.4,26.3,27.2,26,26,27.1,26.5,26.9,26.5,27.3,27.1,26.6,27.1,26.9,26.4,26.5,26.6,26.6,26.5,26.8,25.8,27,26.8,27.4,26,27.2,27,26.8,27.1,25.8,26.9,26.4,83,89,89,89,87,86,90,86,86,87,87,88,91,84,87,88,88,84,88,89,87,91,86,85,89,86,86,87,86,84,88,84,88,90,89,85,87,87,87,89,0,0.2,0.2,1.1,0.7,0.1,0,0.5,0,0.3,0,0,0.5,0,0.1,0,0.1,0,0.1,0,0.1,0,0,0.3,2,0.1,0,0.2,0,0,0.1,0,0,0.8,0,0.1,0.3,0,1.6,0.6,5.8,5,6.9,2.9,4.1,6.3,3,11.6,8.6,3.6,3.1,4.1,5,3.2,2.7,1.6,2.6,5.8,5,4,4.7,4.1,1.5,3.2,1.8,3.5,2.3,3.1,4.3,4.1,2.7,9.4,2.2,2.8,3.9,10.2,3.7,3.6,5.2,4.3,,,,,,,,,,,,,,,,,,,,,,,,,,,,,,,,,,,,,,,,,26.7,27.1,26.3,26.5,26.5,26.6,26.6,26.3,26.7,26.5,27,26.5,26.7,26.8,26.5,27.1,25.9,25.6,26.6,26.1,26.6,26.5,26.9,26.2,26.4,27.1,26.8,26.8,26.6,25.2,26.6,81,79,82,81,78,85,82,81,80,82,81,82,80,81,80,80,82,81,73,84,81,85,79,81,82,80,83,81,79,78,82,0.1,0,0.2,0.3,0,0.3,0.1,0.1,0,1.2,0.4,0.9,1.7,0.1,0.1,0.1,0,0,0,0.1,0,3.5,0.1,0.1,0.3,0.2,1.6,0.1,0.1,0,0.1,25.1,24.4,21.1,21.7,35.1,25.7,22.1,26.8,26.7,23.9,26.4,20.9,29.1,24.6,23.7,27.2,23.9,22.3,12.3,28.1,27.7,21.2,11.3,19.9,23.2,30.1,23.7,26.8,28.9,21.2,21.3,29.5,28.4,23.4,24.8,40.7,28.8,25.2,31,31.3,29.2,31.7,25.2,35.3,28.1,27.4,31.3,26.6,24.8,13.7,31.3,31.7,23.8,13.7,22.7,27,34.6,27.4,31,32.8,22.7,25.2,,,,,,22.2204,114.2127
2026-10-04T07:00,27.3,26.4,26.6,26.8,27,26.8,26.7,26.5,27.4,26.5,27.3,26.1,26.1,27.3,26.7,27,26.6,27.4,27.1,26.7,27,27,26.5,26.6,26.4,26.7,26.7,26.9,25.9,27.2,26.8,27.4,26.2,27.2,27.2,27,27.3,25.9,27,26.5,82,88,87,89,87,86,89,85,85,86,86,88,90,83,86,87,87,84,87,88,87,90,86,85,90,85,86,86,86,83,87,83,87,89,88,84,86,87,86,89,0,0.2,0.2,1.1,0.7,0.1,0,0.5,0,0.3,0,0,0.5,0,0.1,0,0.1,0,0.1,0,0.1,0,0,0.3,2,0.1,0,0.2,0,0,0.1,0,0,0.8,0,0.1,0.3,0,1.6,0.6,5.8,5.3,6.9,2.9,4.1,6.3,3.3,11.7,8.1,3.6,3.8,4.1,4.6,3.3,3,1.8,2.6,5.4,5.2,5,4.8,5,1.8,3.6,2.4,3.6,2.3,3.1,4.4,4.3,2.6,9.8,2.5,3.3,4.3,9.9,3.8,3.6,4.9,4.8,,,,,,,,,,,,,,,,,,,,,,,,,,,,,,,,,,,,,,,,,26.9,27.1,26.4,26.7,26.6,26.7,26.6,26.5,26.8,26.7,27.1,26.5,26.9,26.8,26.7,27.2,25.8,25.8,26.8,26.2,26.7,26.3,27.3,26.2,26.5,27.1,27,26.9,26.7,25.3,26.7,80,78,81,80,78,84,82,80,79,81,80,82,79,82,78,79,82,80,72,84,80,86,78,82,81,79,83,80,79,77,81,0.1,0,0.2,0.3,0,0.3,0.1,0.1,0,1.2,0.4,0.9,1.7,0.1,0.1,0.1,0,0,0,0.1,0,3.5,0.1,0.1,0.3,0.2,1.6,0.1,0.1,0,0.1,24.9,24.2,21.4,21.9,34.1,25.5,21.7,26.5,26.4,24,26.5,20.9,28.9,24.7,23.3,27.6,24.5,22.7,13.6,28.5,27.7,22.2,13.2,21.3,23.2,29.6,25.9,27.5,28.5,19.7,21.3,28.8,28.1,23,25.2,39.2,28.4,24.8,30.6,30.6,29.2,31.3,24.5,34.2,28.4,26.3,32.4,27.4,25.6,15.1,31.7,31.3,25.2,15.8,24.1,27.4,34.2,28.8,32,32.4,21.2,24.1,,,,,,22.2204,114.2127
2026-10-04T08:00,27.5,26.6,26.9,26.9,27.2,27,26.9,26.7,27.5,26.7,27.5,26.4,26.3,27.5,27,27.1,26.9,27.6,27.2,27,27.1,27.2,26.7,26.8,26.3,26.9,27,27.2,26.1,27.5,27,27.6,26.5,27.3,27.4,27.3,27.4,26.1,27.2,26.8,81,87,86,88,86,85,88,84,84,85,85,86,89,82,84,85,86,83,86,86,87,89,85,84,90,84,84,85,85,82,86,82,86,88,86,82,85,86,85,88,0,0.2,0.2,1.1,0.7,0.1,0,0.5,0,0.3,0,0,0.5,0,0.1,0,0.1,0,0.1,0,0.1,0,0,0.3,2,0.1,0,0.2,0,0,0.1,0,0,0.8,0,0.1,0.3,0,1.6,0.6,5.8,5.3,7.2,2.6,4.1,6.3,4,11.7,8.2,3.6,4.5,4.1,4.5,3.6,3,2.4,2.6,5.4,5.2,5.8,4.8,5.4,2.2,4,2.7,3.6,2.2,3.4,4.4,4.6,2.6,9.8,2.9,3.4,4.6,9.9,3.8,3.6,4.7,5.4,,,,,,,,,,,,,,,,,,,,,,,,,,,,,,,,,,,,,,,,,27.1,27.3,26.6,26.9,26.7,26.8,26.7,26.7,26.9,26.9,27.1,26.6,27,26.9,26.9,27.3,25.9,26,27,26.3,26.8,26.2,27.7,26.3,26.6,27.2,27.1,27.1,26.8,25.6,26.9,79,77,80,79,77,83,81,79,78,80,80,82,78,81,77,78,81,79,71,83,80,86,76,82,80,79,83,80,78,76,80,0.1,0,0.2,0.3,0,0.3,0.1,0.1,0,1.2,0.4,0.9,1.7,0.1,0.1,0.1,0,0,0,0.1,0,3.5,0.1,0.1,0.3,0.2,1.6,0.1,0.1,0,0.1,24.9,23,21.2,21.7,33,25.5,21.3,26.3,25.9,24.1,26.6,20.5,28.6,24.7,23.2,27.9,24.6,22.7,14.9,28.6,27.4,22.7,14.6,22.3,23.1,29.3,27.1,27.5,27.9,18.7,21,28.1,26.6,22.7,24.8,37.8,28.1,24.1,29.9,29.9,29.2,30.2,23.4,33.5,28.1,25.2,32.4,27.7,25.6,15.8,31.7,30.6,25.9,16.9,24.8,27,33.5,29.5,32,31.7,20.2,22.7,,,,,,22.2204,114.2127
2026-10-04T09:00,27.9,27.1,27.3,27.1,27.6,27.4,27.3,27.1,27.8,27.1,27.8,27,26.7,28.1,27.6,27.2,27.4,27.9,27.5,27.4,27.3,27.5,27.2,27.1,26.3,27.4,27.7,27.6,26.5,27.9,27.5,28,27,27.5,27.9,27.8,27.8,26.5,27.6,27.4,79,84,84,86,84,83,86,82,82,83,83,83,87,80,81,82,84,81,85,84,86,87,83,83,90,82,81,83,83,79,83,80,83,87,83,79,84,84,83,86,0,0,0,0.5,0.4,0,0.8,0,0,0,0,0,0.1,0,0,0,0.4,0,0.3,0,0.6,0.9,0.3,0.3,0.7,0.1,0.1,0,0,0,0.2,0,0,3,0,0,0.5,0,0.1,0.2,6.1,5.2,7.6,2.5,4.4,6.5,5.1,11.5,8.2,3.6,5.4,4.1,4.7,3.3,3.1,4.3,2.3,5.8,5,6.5,4.9,5.6,2.3,4.5,2.7,3.3,1.8,3.9,4.7,5,2.9,10.1,2.9,3.5,4.9,9.4,4,4,4.7,5.6,,,,,,,,,,,,,,,,,,,,,,,,,,,,,,,,,,,,,,,,,27.2,27.5,26.9,27.1,26.9,26.9,27,26.9,27.1,27.2,27.1,26.9,27.1,27.2,27.1,27.5,26.2,26.3,27.3,26.4,27,26.3,28,26.4,26.9,27.3,27.2,27.3,27,26,27.1,79,76,78,78,76,82,80,77,77,79,79,81,77,79,76,77,79,77,70,82,79,85,74,81,78,78,83,79,77,74,79,0,0,0,0,0,0.4,0.1,0.1,0,0.9,0,0.9,0,0,0,0,0,0,0,0.1,0,1.8,0.1,0.1,0.1,0.2,2.6,0,0,0,0,24.9,21.4,20.7,20.8,31.8,25.5,20.6,25.5,25.4,24.2,25.9,18.9,28.5,24.1,22.6,27.6,24.4,22,15.2,28.6,26.7,22.7,15,22.3,22.7,28.5,26.9,26.4,26.6,17.9,20.5,27.4,24.1,21.6,23.4,36,27.7,23,28.4,28.4,28.8,28.8,21.6,32.8,27.4,24.1,31.7,27.4,24.5,15.5,31,29.9,25.9,16.6,24.1,25.6,32,29.2,30.6,30.2,18.7,21.2,,,,,,22.2204,114.2127
2026-10-04T10:00,28.4,27.8,27.9,27.6,28.2,27.9,27.9,27.7,28.2,27.6,28.3,27.9,27.3,28.9,28.4,27.4,28.1,28.4,27.9,28,27.6,28,27.8,27.5,26.3,28.2,28.6,28.1,27.1,28.6,28.3,28.5,27.9,27.8,28.5,28.5,28.2,27.1,28.2,28.3,76,81,80,84,81,80,84,78,79,80,80,79,84,76,77,78,80,79,83,81,85,85,81,81,90,79,77,79,80,76,80,78,79,86,79,76,82,82,79,82,0,0,0,0.5,0.4,0,0.8,0,0,0,0,0,0.1,0,0,0,0.4,0,0.3,0,0.6,0.9,0.3,0.3,0.7,0.1,0.1,0,0,0,0.2,0,0,3,0,0,0.5,0,0.1,0.2,6.5,4.8,7.9,2.6,4.7,6.8,6.2,11.7,8.1,4.1,6.5,3.6,5.1,3.1,3.3,7.3,2.5,6.2,5.2,7.2,5.5,5.8,2.6,5,2.9,2.9,0.8,4.4,5.4,5.4,3.1,10.4,2.3,3.8,4.9,9.1,4.4,5.4,4.9,5.5,,,,,,,,,,,,,,,,,,,,,,,,,,,,,,,,,,,,,,,,,27.2,27.7,27.2,27.5,27,27.1,27.4,27.1,27.4,27.5,27.1,27.2,27.2,27.6,27.3,27.7,26.5,26.7,27.6,26.6,27.2,26.6,28.4,26.6,27.2,27.5,27.2,27.5,27.1,26.6,27.4,78,74,76,76,74,81,78,75,76,77,79,79,77,76,75,75,77,75,70,81,79,83,72,79,77,77,82,78,75,71,78,0,0,0,0,0,0.4,0.1,0.1,0,0.9,0,0.9,0,0,0,0,0,0,0,0.1,0,1.8,0.1,0.1,0.1,0.2,2.6,0,0,0,0,25,19.4,19.7,19.7,30.3,25.6,20,24.1,24.5,24.8,24.7,16.9,28.6,23.3,21.7,27.3,24,20.6,15.6,28,26.1,22.4,14.4,21.5,22.1,27.6,25.3,25.1,25.1,17.1,19.6,26.6,20.5,20.2,21.2,34.2,27.7,22,26.3,27,28.1,27,19.8,31.7,26.3,22.7,30.2,26.6,22.3,14.4,29.5,29.5,25.6,15.1,23,23.4,30.2,27.7,28.8,28.4,17.6,19.8,,,,,,22.2204,114.2127
2026-10-04T11:00,28.9,28.5,28.5,28.1,28.9,28.5,28.6,28.3,28.8,28.3,28.8,28.8,27.9,29.9,29.3,27.6,28.9,29,28.4,28.6,28,28.5,28.5,27.9,26.4,29,29.7,28.7,27.7,29.3,29.1,29,28.8,28.1,29.3,29.4,28.8,27.7,29,29.4,73,76,77,81,77,77,81,74,76,77,76,74,81,73,73,74,76,76,81,79,83,82,79,79,90,76,73,76,77,71,75,75,75,84,75,72,80,79,75,78,0,0,0,0.5,0.4,0,0.8,0,0,0,0,0,0.1,0,0,0,0.4,0,0.3,0,0.6,0.9,0.3,0.3,0.7,0.1,0.1,0,0,0,0.2,0,0,3,0,0,0.5,0,0.1,0.2,6.9,4.7,8.8,3,5.6,7.7,7.2,11.9,7.9,4.7,8.1,3.2,5.6,2.8,3.7,10.7,3.1,6.7,5.4,8,6.4,6.6,2.8,5.6,2.6,2.4,0.4,5.4,6.4,6.2,3.6,10.9,1.6,4,4.7,9,5.5,6.4,5.2,5.1,,,,,,,,,,,,,,,,,,,,,,,,,,,,,,,,,,,,,,,,,27.3,28,27.4,27.7,27.1,27.3,27.7,27.3,27.6,27.8,27.2,27.5,27.3,27.8,27.5,27.8,26.8,27,27.8,26.8,27.3,26.8,28.6,26.8,27.5,27.6,27.1,27.7,27.2,27.1,27.6,78,73,75,75,72,80,77,74,75,76,78,77,76,74,74,74,75,73,70,80,78,81,70,78,75,76,82,77,74,69,77,0,0,0,0,0,0.4,0.1,0.1,0,0.9,0,0.9,0,0,0,0,0,0,0,0.1,0,1.8,0.1,0.1,0.1,0.2,2.6,0,0,0,0,24.6,17.1,19.1,18.4,28.8,25.4,19.4,22.8,23.7,24.7,23.1,15.4,28.1,22.6,21,26.5,23.2,19.5,15.3,27.2,25,21.9,13.8,20.7,20.8,26.4,23.1,23.6,23.6,15.9,18.8,25.6,17.6,19.1,19.1,32.4,27,20.9,24.1,25.6,27.4,25.2,17.6,30.6,25.2,21.6,28.8,25.6,20.5,13.7,28.4,28.4,24.8,14.4,21.2,21.2,28.4,25.6,26.6,26.3,16.2,18.4,,,,,,22.2204,114.2127
2026-10-04T12:00,29.5,29.3,29.1,28.5,29.6,29.1,29.2,28.9,29.3,28.9,29.3,29.7,28.5,30.7,30.1,27.7,29.6,29.6,28.9,29.2,28.4,28.9,29.2,28.3,26.4,29.8,30.6,29.3,28.4,30,29.9,29.5,29.7,28.3,29.9,30.1,29.3,28.3,29.7,30.3,71,72,73,78,74,74,78,71,73,73,73,69,78,69,69,70,72,74,79,76,81,80,76,77,90,73,68,72,74,67,71,73,70,83,71,68,78,76,72,74,0,0,0,0.5,0.4,0,0.8,0,0,0,0,0,0.1,0,0,0,0.4,0,0.3,0,0.6,0.9,0.3,0.3,0.7,0.1,0.1,0,0,0,0.2,0,0,3,0,0,0.5,0,0.1,0.2,7.3,4.9,9.3,3.3,6.6,8.3,8.7,11.9,8.3,5.3,9.8,3.1,6.2,2.3,5,14.2,3.9,7.4,5.8,8.6,7.1,7.2,3.1,6.5,2.5,1.8,1,6.2,7.4,7.2,4.3,11.4,1.1,4,4.7,8.9,6.6,8.1,5.8,5.1,,,,,,,,,,,,,,,,,,,,,,,,,,,,,,,,,,,,,,,,,27.4,28.1,27.5,27.9,27.2,27.4,27.9,27.4,27.8,28,27.3,27.7,27.4,27.9,27.6,27.8,26.9,27.2,27.8,26.9,27.5,27.1,28.7,26.9,27.6,27.7,27,28,27.3,27.4,27.8,77,72,75,74,70,79,76,73,74,76,77,75,75,73,73,74,74,71,70,79,77,79,69,77,74,75,82,76,73,68,76,0,0,0,0,0,0,0,0,0,0,0,1.1,0,0,0,0,0,0,0,0,0.1,0.7,0,0,0,0.1,2.9,0,0,0,0,23.8,14.7,19,17.4,26.9,24.4,19.2,21.3,22.8,24.7,21.5,13.2,27.2,22,20.8,25.7,22.2,18.4,14.9,26.6,23.9,21.1,13.1,19.5,19.1,24.7,18.5,22.5,22.1,14.6,18,24.5,15.5,18.7,17.6,30.6,25.9,19.8,22,24.5,27,23,15.5,29.2,24.1,20.9,27.7,24.1,19.1,13,27.4,27,23.8,14.4,19.4,18.7,26.6,21.2,24.8,24.1,14.8,17.3,,,,,,22.2204,114.2127
2026-10-04T13:00,29.9,29.9,29.6,28.9,30.1,29.5,29.6,29.4,29.6,29.4,29.5,30.3,29,31.2,30.6,27.7,30.2,30,29.2,29.6,28.8,29.2,29.6,28.6,26.5,30.4,31.3,29.7,28.8,30.5,30.6,29.9,30.4,28.5,30.4,30.7,29.6,28.8,30.2,31,69,69,71,76,71,72,76,68,71,71,70,65,75,66,66,66,69,72,77,73,80,77,74,76,89,70,65,69,71,64,68,71,67,82,67,65,76,74,69,70,0,0,0,0.5,0.4,0,0.8,0,0,0,0,0,0.1,0,0,0,0.4,0,0.3,0,0.6,0.9,0.3,0.3,0.7,0.1,0.1,0,0,0,0.2,0,0,3,0,0,0.5,0,0.1,0.2,7.4,5.3,9.4,4,7.2,8.9,10.1,11.7,8.5,5.7,11.4,3.1,6.6,2.6,6,17.3,4.3,7.9,5.8,9.4,7.3,7.9,3.3,6.7,2.6,1.8,1.3,7,8.5,7.7,4.7,11.5,0.5,4.3,5.2,9.1,7.3,9.3,5.8,5.4,,,,,,,,,,,,,,,,,,,,,,,,,,,,,,,,,,,,,,,,,27.5,28.3,27.4,28,27.2,27.6,28.1,27.4,27.9,28.1,27.5,28,27.5,27.9,27.6,27.8,27,27.4,27.8,27.1,27.6,27.5,28.7,27,27.6,27.7,26.9,28.2,27.4,27.6,28,77,71,75,74,69,79,76,73,73,76,76,74,74,74,73,74,73,70,71,78,76,78,70,76,73,75,82,75,72,67,74,0,0,0,0,0,0,0,0,0,0,0,1.1,0,0,0,0,0,0,0,0,0.1,0.7,0,0,0,0.1,2.9,0,0,0,0,23,12.6,18.9,16.2,25.2,23.3,18.8,19.3,22.1,25.2,19.6,11.6,26,21.7,20.6,24.9,20.8,17.4,14.2,25.7,22.9,20.1,13.7,18.4,16.8,23.2,13.4,21.6,20.4,13,17,23.4,14,18.7,15.8,28.8,24.5,19.1,19.8,23.8,26.6,21.2,13.3,27.4,23.4,20.5,27,22.3,17.6,12.6,26.3,24.8,22,14.4,17.3,16.2,24.5,15.8,23.4,21.6,13,16.2,,,,,,22.2204,114.2127
2026-10-04T14:00,30,30.2,29.8,29.1,30.3,29.7,29.7,29.7,29.8,29.6,29.5,30.5,29.2,31.2,30.7,27.5,30.4,30.2,29.3,29.8,28.9,29.1,29.7,28.8,26.5,30.6,31.5,29.9,29.1,30.7,30.8,30.1,30.8,28.6,30.6,30.8,29.6,29,30.4,31.2,68,67,70,75,70,71,74,67,69,70,68,63,74,64,64,64,68,71,76,71,79,76,72,75,89,69,63,68,70,63,67,70,65,81,65,63,74,73,68,68,0,0,0,0.5,0.4,0,0.8,0,0,0,0,0,0.1,0,0,0,0.4,0,0.3,0,0.6,0.9,0.3,0.3,0.7,0.1,0.1,0,0,0,0.2,0,0,3,0,0,0.5,0,0.1,0.2,7.5,5.5,9.2,4.3,7.4,8.9,11.9,11.4,9.1,5.9,13,3.7,6.3,3.5,7.1,19.6,4.3,8,5.8,10.1,7.3,8.9,3.7,6.9,2.6,2.5,0.5,7.4,8.7,8.1,4.7,11.3,0.5,5.1,6,9.2,7.2,9.5,5.8,6.2,,,,,,,,,,,,,,,,,,,,,,,,,,,,,,,,,,,,,,,,,27.6,28.4,27.4,28,27.2,27.7,28.1,27.4,28,28.1,27.7,28.1,27.5,27.9,27.6,27.7,27.1,27.5,27.7,27.2,27.7,27.7,28.7,27.1,27.7,27.8,26.9,28.3,27.5,27.7,28.2,76,70,75,73,68,79,76,73,73,76,75,73,74,74,73,74,73,69,71,78,76,77,70,75,72,75,82,75,72,67,73,0,0,0,0,0,0,0,0,0,0,0,1.1,0,0,0,0,0,0,0,0,0.1,0.7,0,0,0,0.1,2.9,0,0,0,0,21.7,12.1,18.1,15.2,23.4,22,18.7,17.8,21.4,24.9,18.6,10.9,24.5,20.9,20.5,23.9,19.8,16.6,13.4,24.5,22.1,19.2,14.9,16.6,14.1,21.4,10.4,20.5,19.1,11.9,16.5,22,13,18,14.4,27,23,18.7,18,23,25.9,19.8,12.2,25.6,22.3,20.2,25.9,20.9,16.2,12.2,25.2,23.8,20.9,14.8,15.1,14,22.7,13,22,19.8,11.9,15.5,,,,,,22.2204,114.2127
2026-10-04T15:00,29.9,30.3,29.7,29.1,30.2,29.6,29.2,29.6,29.6,29.6,29.1,30.2,29.1,30.5,30.3,27,30.3,30.1,29.1,29.7,28.9,28.7,29.4,28.8,26.6,30.3,31.1,29.8,29,30.6,30.7,30,30.8,28.5,30.5,30.6,29.3,28.9,30.2,30.7,69,67,71,75,71,72,73,68,68,71,67,63,74,64,63,63,69,72,76,69,80,75,71,75,89,69,63,69,71,64,68,70,66,81,64,63,73,73,69,67,0,0.2,0,0.1,0.2,0.5,0.2,0,0.1,0,0,0.6,0.7,0.4,1,0,1.2,0,0.8,0,0.1,1.8,1,0,0.4,1.4,1.5,0,0,0,0.9,0,0.8,0.5,0.4,0,0.5,0,0.7,2,7,5.2,8.7,4.7,6.9,8,13.7,10.4,9.9,5.9,14.3,5.1,4.9,5.7,8.5,20.7,3.6,7.7,5.2,11.2,6.8,9.5,5.1,6.6,2.8,4,1.5,7.1,8.4,7.8,4.3,10.6,0.8,5.8,7.4,9.6,6.6,9.2,5.2,8,,,,,,,,,,,,,,,,,,,,,,,,,,,,,,,,,,,,,,,,,27.7,28.4,27.4,28.1,27.3,27.7,28.1,27.5,28,28.1,27.7,28.2,27.4,27.9,27.6,27.7,27.1,27.7,27.6,27.2,27.7,27.7,28.7,27.1,27.7,27.8,27.2,28.3,27.5,27.7,28.2,75,70,74,72,67,79,76,72,73,76,75,73,74,74,73,74,73,68,71,78,76,77,70,75,71,75,81,75,72,67,73,0,0.2,0,0,0,0,0,0,0.1,0,0,0.2,0,0,0,0,0,0,0,0,0,0.1,0,0,0,0,0.4,0,0,0,0,20.2,11.5,16.6,13.4,21.4,20.5,18.7,16.2,20.9,23.2,18.4,12.2,23.1,19.8,19.5,22.7,18.8,15.1,13,23.1,22,18.9,15.7,14.6,11.2,19.9,12.3,19.5,18.4,11,16,20.2,12.2,16.6,12.6,24.5,21.2,19.1,16.6,22.3,24.5,19.8,13,24.1,20.9,19.4,24.5,19.8,15.1,12.2,23.8,23.8,20.2,15.1,13.3,11.9,20.9,14.4,20.9,19.1,11.2,15.5,,,,,,22.2204,114.2127
2026-10-04T16:00,29.7,30.2,29.5,28.9,29.9,29.3,28.5,29.4,29.3,29.3,28.4,29.4,28.9,29.3,29.5,26.3,29.9,29.8,28.7,29.5,28.9,28,28.8,28.6,26.7,29.7,30.2,29.5,28.7,30.1,30.3,29.6,30.5,28.2,30.1,29.9,28.7,28.6,29.8,29.8,72,69,74,77,73,74,71,70,68,72,67,64,76,64,64,64,72,74,76,68,81,75,70,76,89,70,64,71,72,67,71,72,68,82,65,63,71,75,72,68,0,0.2,0,0.1,0.2,0.5,0.2,0,0.1,0,0,0.6,0.7,0.4,1,0,1.2,0,0.8,0,0.1,1.8,1,0,0.4,1.4,1.5,0,0,0,0.9,0,0.8,0.5,0.4,0,0.5,0,0.7,2,6.3,4.7,7.6,5.1,6.2,7,16.2,8.7,10.7,5.9,15.3,7.2,3.2,9,10.7,21.3,2.4,6.4,5.2,12.5,5.8,10.4,7.3,5.9,2.5,5.8,5,6.6,7.4,7.1,3.6,9.4,1.1,6.8,9.4,10.4,6.6,8.2,4.7,10.7,,,,,,,,,,,,,,,,,,,,,,,,,,,,,,,,,,,,,,,,,27.7,28.4,27.5,28.1,27.4,27.7,28.1,27.6,27.9,28,27.7,28.2,27.3,27.9,27.6,27.8,27.1,27.8,27.5,27.1,27.6,27.6,28.7,27,27.7,27.8,27.6,28.2,27.4,27.6,28.1,74,70,74,72,67,79,76,71,73,76,76,73,74,74,73,74,72,67,72,79,76,77,71,74,71,75,80,76,72,67,73,0,0.2,0,0,0,0,0,0,0.1,0,0,0.2,0,0,0,0,0,0,0,0,0,0.1,0,0,0,0,0.4,0,0,0,0,18.4,10.8,14.7,11.4,19.9,19.2,18.8,14.8,20.2,21,19.1,14.6,21.6,18.4,18.4,20.9,18,13.7,13.1,21.3,22.6,18.7,15.7,12.3,8.2,18.4,15.8,18.4,18.3,11.2,15.8,18.4,11.9,14.8,10.4,21.6,19.4,19.4,15.5,21.6,22.7,20.2,14.8,22.7,19.8,19.1,23,19.4,13.7,12.6,22,24.8,19.8,15.5,11.5,10.1,19.4,18.4,19.8,19.1,11.2,15.5,,,,,,22.2204,114.2127
2026-10-04T17:00,29.2,29.9,29.2,28.7,29.3,28.9,27.4,29,28.8,28.9,27.5,28.3,28.5,27.7,28.4,25.5,29.3,29.4,28.2,29.1,28.7,27.2,27.9,28.4,26.8,28.8,29,29,28.2,29.5,29.7,29.2,30.1,27.9,29.5,29.1,27.9,28.2,29.3,28.6,75,72,78,78,76,77,70,74,69,75,68,66,79,66,65,65,76,77,77,67,83,76,70,78,89,72,67,74,75,71,76,73,72,83,66,65,70,76,76,69,0,0.2,0,0.1,0.2,0.5,0.2,0,0.1,0,0,0.6,0.7,0.4,1,0,1.2,0,0.8,0,0.1,1.8,1,0,0.4,1.4,1.5,0,0,0,0.9,0,0.8,0.5,0.4,0,0.5,0,0.7,2,5.5,4.2,6.4,5.4,5.2,5.8,18.8,6.7,12,5.4,16.6,9.8,2.3,12.7,13.6,21.6,1.1,5.2,6.3,13.9,4.8,10.8,10.1,4.6,2.6,8,8.9,5.4,6.1,6,3,8,1.8,7.9,11.6,12.2,8.9,6.9,4.9,13.8,,,,,,,,,,,,,,,,,,,,,,,,,,,,,,,,,,,,,,,,,27.6,28.4,27.6,28.1,27.5,27.7,28,27.7,27.8,27.9,27.7,28.2,27.1,27.9,27.6,27.8,27.1,27.9,27.4,27.1,27.6,27.5,28.7,26.9,27.7,27.7,27.9,28,27.4,27.5,28,73,70,73,72,68,79,76,71,73,76,77,73,75,74,73,74,72,67,72,80,77,78,72,74,71,75,79,76,73,68,74,0,0.2,0,0,0,0,0,0,0.1,0,0,0.2,0,0,0,0,0,0,0,0,0,0.1,0,0,0,0,0.4,0,0,0,0,16.6,10.1,13.4,10.2,18.4,17.6,18.4,13.8,18.8,18.8,19.4,15.7,20.2,17.4,17.3,19.6,17.3,12,13.6,19.6,22.9,18.6,15.6,10.8,5.8,17.3,18.7,17.3,18.1,11.5,15.5,16.9,11.5,13,9,19.8,17.6,19.4,14.4,20.5,21.2,20.9,15.8,21.6,18.7,18.7,21.2,18.7,12.6,12.6,20.5,25.6,19.8,15.8,10.1,8.6,18.4,21.2,18.7,19.1,10.8,15.5,,,,,,22.2204,114.2127
2026-10-04T18:00,28.8,29.5,28.8,28.4,28.8,28.4,26.3,28.5,28.3,28.5,26.6,27.1,28.1,26.1,27.3,24.6,28.6,29,27.5,28.5,28.5,26.2,27,28.1,26.8,27.9,27.7,28.5,27.7,28.8,29,28.7,29.5,27.6,28.8,28.2,27.1,27.7,28.6,27.3,78,76,82,80,79,80,70,77,70,78,68,68,81,67,67,67,80,79,77,67,85,76,69,79,89,74,69,77,78,75,80,75,75,84,67,67,69,78,80,71,0,0.2,0,0.1,0.2,0.5,0.2,0,0.1,0,0,0.6,0.7,0.4,1,0,1.2,0,0.8,0,0.1,1.8,1,0,0.4,1.4,1.5,0,0,0,0.9,0,0.8,0.5,0.4,0,0.5,0,0.7,2,4.4,3.4,4.9,5.9,4,4.7,21.2,4.8,13,5,17.5,12.7,4,16,16.7,21.5,1.8,3.9,8.6,15.4,3.8,11.7,13.4,3.3,3.1,10.2,12.8,4.7,4.5,4.9,2.4,6.4,2.5,9,13.9,14.6,12.2,5.6,5.9,16.6,,,,,,,,,,,,,,,,,,,,,,,,,,,,,,,,,,,,,,,,,27.6,28.3,27.6,28,27.5,27.7,28,27.7,27.7,27.8,27.7,28.1,27,27.9,27.5,27.8,27.1,27.9,27.3,27.1,27.5,27.5,28.5,26.9,27.6,27.7,27.8,27.9,27.3,27.4,27.9,73,71,73,72,70,79,76,71,73,77,78,73,76,75,74,74,72,67,72,80,78,79,73,74,71,75,80,76,74,69,75,0,0.8,0,0,0,0,0,0,1.4,0,0.5,0,0,0.1,0,0,0,0,0,0,0,1.4,0.9,0,0.1,0,0.7,0.1,0,0,0,15.1,10.6,12.4,9.2,18,15.8,17,13.5,16.2,17.7,19.1,14.8,19.1,17,17,17.7,16.7,10.7,13.1,18.5,22.8,18.6,15.2,9.3,3.8,16.2,18.7,15.5,17.2,11.2,14.8,15.8,11.5,11.9,7.9,19.4,15.5,18,14,18,20.2,21.2,15.1,20.5,18.4,18.7,19.4,18,11.2,11.9,19.4,26.3,20.5,15.5,8.6,6.5,17.3,21.2,16.9,18.4,10.4,15.1,,,,,,22.2204,114.2127
2026-10-04T19:00,28.3,29.1,28.2,28,28.2,27.9,25.3,28,27.7,28.1,25.7,26,27.6,24.6,26.2,23.8,27.9,28.5,26.9,27.9,28.2,25.4,26.1,27.9,26.8,27,26.5,28,27.2,28.2,28.2,28.2,28.9,27.2,28.1,27.3,26.3,27.2,27.9,26.1,81,78,85,82,82,82,69,80,70,80,69,70,83,69,68,68,83,82,78,66,86,77,69,80,88,75,72,80,80,78,83,77,78,84,69,69,68,80,83,72,0,0.2,0,0.1,0.2,0.5,0.2,0,0.1,0,0,0.6,0.7,0.4,1,0,1.2,0,0.8,0,0.1,1.8,1,0,0.4,1.4,1.5,0,0,0,0.9,0,0.8,0.5,0.4,0,0.5,0,0.7,2,3.3,2.9,3.9,6.6,3.5,4.8,23.2,2.9,13.9,4.3,18.5,15.2,6,19.3,19.3,21.3,3.3,2.6,10.5,16.3,2.5,12.3,16.1,2,3.3,11.7,15.8,3.8,3.1,3.7,2.1,4.9,3.6,10.1,15.7,16.9,15.5,4.1,7.2,19.2,,,,,,,,,,,,,,,,,,,,,,,,,,,,,,,,,,,,,,,,,27.5,28.1,27.6,27.9,27.5,27.6,27.9,27.7,27.5,27.7,27.6,28,26.9,27.8,27.3,27.7,27.1,27.8,27.2,27.1,27.5,27.4,28.3,27,27.6,27.6,27.6,27.8,27.2,27.4,27.7,73,72,74,73,72,79,77,72,74,78,79,73,76,75,75,74,71,68,71,81,78,80,74,73,71,76,81,77,75,70,75,0,0.8,0,0,0,0,0,0,1.4,0,0.5,0,0,0.1,0,0,0,0,0,0,0,1.4,0.9,0,0.1,0,0.7,0.1,0,0,0,13.7,11.7,11.4,8.6,18,13.6,15.1,13.1,13.1,17,18.9,12.8,18.1,17,16.9,15.8,16.4,9.4,11.8,17.4,22.4,18.6,14,8,2.3,15.1,17.6,13.7,16.2,10.4,14.3,14.8,11.9,10.8,7.6,19.8,13.7,16.2,13.7,15.1,19.8,21.6,13.7,19.8,18.7,18.7,17.3,17.3,9.7,10.8,19.1,27,21.2,14.8,7.6,4.7,16.6,20.2,14.8,17.3,10.1,14.8,,,,,,22.2204,114.2127
2026-10-04T20:00,27.8,28.6,27.7,27.6,27.8,27.3,24.5,27.5,27.1,27.8,24.9,25.2,27.1,23.6,25.3,23.2,27.2,28.1,26.4,27.3,27.9,24.7,25.4,27.6,26.6,26.2,25.6,27.6,26.8,27.8,27.6,27.9,28.3,26.7,27.4,26.5,25.6,26.9,27.3,25.1,82,79,87,82,84,83,69,81,71,82,70,72,84,70,69,69,84,84,78,66,86,77,69,81,87,76,73,81,82,81,85,79,80,84,70,70,68,82,84,73,0,0.2,0,0.1,0.2,0.5,0.2,0,0.1,0,0,0.6,0.7,0.4,1,0,1.2,0,0.8,0,0.1,1.8,1,0,0.4,1.4,1.5,0,0,0,0.9,0,0.8,0.5,0.4,0,0.5,0,0.7,2,2.3,2.7,2.3,6.9,3.3,6,24.6,2.3,14.7,3.8,18.8,16.9,7.6,21,20.8,21.3,4.8,1.8,12.3,17.1,2.6,13,18.1,0.8,4,12.8,18.1,3.4,2.2,2.5,3,4.1,4.7,10.9,16.7,18.3,17.8,3.1,8.6,20.7,,,,,,,,,,,,,,,,,,,,,,,,,,,,,,,,,,,,,,,,,27.4,27.9,27.6,27.8,27.4,27.6,27.8,27.6,27.3,27.6,27.6,28,26.8,27.7,27.2,27.7,27.1,27.7,27.2,27.1,27.5,27.4,28.1,27,27.6,27.5,27.4,27.6,27.1,27.3,27.6,74,73,74,74,74,79,77,73,75,79,79,73,77,76,76,75,71,68,71,81,79,80,75,73,71,77,82,77,76,71,76,0,0.8,0,0,0,0,0,0,1.4,0,0.5,0,0,0.1,0,0,0,0,0,0,0,1.4,0.9,0,0.1,0,0.7,0.1,0,0,0,13,10.9,10,7.8,18,12,13.7,12.6,10.4,16.2,18.8,11.2,17.1,16.9,16.9,14.6,16,8.2,10.2,16.6,22,18.4,12.7,6.7,0.5,14.8,16.9,12.2,15.6,9.7,13.5,14.4,12.2,10.1,7.2,20.2,12.2,14.8,13.3,12.6,19.1,22,12.6,19.1,19.1,19.1,16.2,16.9,8.3,9.7,18.4,27,21.6,14.4,6.5,5.8,16.6,19.4,13.3,16.9,9.7,14.4,,,,,,22.2204,114.2127
2026-10-04T21:00,27.4,28.1,27,27.1,27.5,26.7,23.8,27.1,26.5,27.6,24.3,24.5,26.6,23,24.7,22.8,26.6,27.8,25.8,26.6,27.4,24.3,24.8,27.4,26.3,25.6,24.9,27.2,26.6,27.5,26.9,27.6,27.6,26.2,26.7,25.8,25,26.7,26.7,24.4,82,78,87,81,85,82,69,81,72,83,71,73,83,71,70,69,83,85,78,66,85,77,69,81,85,76,74,81,83,83,85,80,80,83,71,71,68,83,83,74,0.3,0.3,2.4,0,1.1,0.5,0,0.1,0,0,0,0,0.1,0,0,0,0,0.5,0,0,0.1,0,0,0,0.1,0,0,0.1,0.6,0,0.1,0,0.4,0,0,0,0,0,0,0,1.4,3.6,0.5,7.6,3.1,7.5,25,3.5,15,2.6,18.8,17.4,8.8,21.7,21.3,21.2,5.9,1.3,13.3,17.3,3.4,13.3,19.1,1.1,4.7,12.7,18.8,3.3,1.5,1.8,4,3.7,5.8,11.6,16.9,19,19.1,2.6,10.1,21,,,,,,,,,,,,,,,,,,,,,,,,,,,,,,,,,,,,,,,,,27.4,27.5,27.6,27.6,27.4,27.5,27.7,27.5,26.7,27.6,27.6,27.9,26.8,27.6,27.1,27.6,27.1,27.7,27.1,27.1,27.5,27.4,28.2,26.9,27.8,27.4,27.5,27.5,27.1,27.2,27.5,75,75,74,75,76,79,77,73,79,80,79,73,77,77,77,76,72,68,71,81,80,79,75,73,71,78,81,78,77,72,76,0.3,2.3,0.1,1,0,1.1,0,0.2,1.8,0.1,1.7,0,0,0.8,0.2,0.1,0,0,0,0,0,1.3,0.5,0,1,2.7,1.4,0.1,0.1,0,0,12.6,8,8.2,6.2,18.4,11.5,13,11.5,8.1,15.2,18.8,10.4,15.9,17,17.3,14,15.9,7.1,8.5,15.9,21.3,17.4,11.2,5.7,3.7,15.9,16.6,11.8,15.9,8.9,12.9,14.4,13,9,6.8,20.5,12.2,14.4,11.9,10.1,18,22.3,11.9,18,19.4,19.8,15.8,16.9,6.8,8.3,17.6,26.3,20.5,14.4,5.4,11.9,18,19.4,13.3,17.3,9.4,13.7,,,,,,22.2204,114.2127
2026-10-04T22:00,27,27.5,26.1,26.5,27.2,25.9,23.2,26.6,25.8,27.6,23.7,23.8,26,22.6,24.1,22.5,25.9,27.5,25.2,25.7,26.9,23.9,24.2,27.3,25.8,25.1,24.4,26.9,26.4,27.3,26.3,27.5,26.8,25.6,25.8,25.1,24.4,26.6,26.1,23.8,80,76,86,79,86,81,70,79,72,83,72,74,82,71,70,69,81,87,77,67,82,76,70,81,83,75,74,81,85,84,83,81,79,81,72,72,68,84,81,74,0.3,0.3,2.4,0,1.1,0.5,0,0.1,0,0,0,0,0.1,0,0,0,0,0.5,0,0,0.1,0,0,0,0.1,0,0,0.1,0.6,0,0.1,0,0.4,0,0,0,0,0,0,0,2.1,5,4,8.4,3.1,8.8,24.9,6.2,15.3,1.4,18.1,17.2,9.3,21.2,20.8,21.1,7,1.6,14.4,17.2,4.9,14,19.1,2.5,5.8,11.9,18.6,3.9,1.3,1.3,5.8,3.3,7.2,12,16.6,19,19.5,1.6,11.5,20.8,,,,,,,,,,,,,,,,,,,,,,,,,,,,,,,,,,,,,,,,,27.4,27.1,27.6,27.5,27.3,27.5,27.7,27.4,26.1,27.5,27.6,27.9,26.9,27.6,27.1,27.5,27.1,27.6,27.1,27.1,27.4,27.5,28.4,26.9,28,27.3,27.6,27.3,27.1,27.1,27.4,75,78,74,75,77,79,78,74,84,81,78,73,78,77,79,78,73,68,71,80,80,78,74,73,71,79,80,79,78,72,77,0.3,2.3,0.1,1,0,1.1,0,0.2,1.8,0.1,1.7,0,0,0.8,0.2,0.1,0,0,0,0,0,1.3,0.5,0,1,2.7,1.4,0.1,0.1,0,0,13.3,8,7.2,4.4,18.4,12.1,12.7,10.2,6.1,14.3,19.3,9.9,15.1,17.3,18,14.2,15.5,5.6,6.8,15.1,20.8,15.9,10.2,4.7,9.3,17.8,16.2,12.2,16.2,8.6,12,15.1,13.7,7.6,7.2,21.2,13,14.4,10.4,7.6,17.3,22.7,11.5,16.6,20.2,20.9,16.2,17.3,5.8,6.5,16.9,25.2,18.7,14.4,4.3,20.5,20.5,19.4,14,18,9,12.6,,,,,,22.2204,114.2127
2026-10-04T23:00,26.5,26.8,25.2,25.8,26.9,25.1,22.6,26.1,25,27.6,23.1,23.3,25.3,22.4,23.6,22.4,25.3,27.3,24.7,24.8,26.3,23.6,23.6,27.1,25.2,24.5,23.8,26.5,26.3,27.2,25.6,27.3,25.9,24.9,24.9,24.4,23.9,26.4,25.4,23.3,78,74,84,77,87,79,71,77,73,83,74,74,80,72,71,69,78,88,76,68,79,76,70,81,80,74,74,79,86,84,80,83,77,80,72,73,69,85,79,74,0.3,0.3,2.4,0,1.1,0.5,0,0.1,0,0,0,0,0.1,0,0,0,0,0.5,0,0,0.1,0,0,0,0.1,0,0,0.1,0.6,0,0.1,0,0.4,0,0,0,0,0,0,0,4.4,7.3,8,9.2,3.3,10.5,24.4,9.1,15.4,0.5,17,16.6,10,20.3,19.8,21,8,1.8,15.1,16.9,6.6,14,18.8,4.4,6.5,10.8,17.9,4.7,1.8,1.8,7.2,3.7,9,12.3,15.6,18.7,19.5,1.3,13,19.8,,,,,,,,,,,,,,,,,,,,,,,,,,,,,,,,,,,,,,,,,27.4,26.7,27.6,27.3,27.3,27.4,27.6,27.3,25.8,27.4,27.5,27.8,26.9,27.5,27,27.4,27.1,27.6,27.1,27.1,27.4,27.5,28.5,26.8,28.1,27.2,27.7,27.2,27.1,27.1,27.3,76,80,74,75,78,79,78,74,86,81,78,74,78,78,80,78,74,68,71,80,81,77,73,73,70,80,79,79,79,72,77,0.3,2.3,0.1,1,0,1.1,0,0.2,1.8,0.1,1.7,0,0,0.8,0.2,0.1,0,0,0,0,0,1.3,0.5,0,1,2.7,1.4,0.1,0.1,0,0,14.1,12.3,6.9,4.6,18.5,12.4,12,9.2,6.5,14.2,19.6,9.2,14.4,17.5,18.8,14.6,15.9,4.8,5.4,14.8,20.6,15.6,10.9,3.7,14.6,19.2,16.2,13.8,16.6,8.3,11.6,15.8,15.5,7.6,9,21.2,13.3,13.7,10.4,7.6,16.9,22.3,10.8,15.5,20.5,22,17.3,17.6,4.7,5,16.6,24.5,17.6,15.5,3.6,27.4,22.3,19.4,15.8,18.4,8.3,11.9,,,,,,22.2204,114.2127
2026-10-05T00:00,26.1,26.1,24.3,25.1,26.7,24.3,22.1,25.6,24.3,27.5,22.6,22.7,24.7,22.3,23.2,22.2,24.6,27,24.1,23.9,25.7,23.4,23.1,26.9,24.6,24,23.4,26.2,26.1,27.1,24.9,27.2,25.1,24.3,24,23.8,23.4,26.4,24.8,22.9,75,71,81,74,87,76,72,74,74,82,75,74,77,72,71,69,75,88,75,69,76,76,71,80,77,73,73,78,87,84,77,84,75,78,73,74,70,86,75,75,0.3,0.3,2.4,0,1.1,0.5,0,0.1,0,0,0,0,0.1,0,0,0,0,0.5,0,0,0.1,0,0,0,0.1,0,0,0.1,0.6,0,0.1,0,0.4,0,0,0,0,0,0,0,6.5,9.5,12,9.9,3.6,12.3,23.6,12,15.5,2.1,15.9,16.1,10.5,19.1,18.9,20.6,9.1,2.5,15.5,16.6,8.4,14.4,18.5,6.2,7.6,9.7,16.9,5.8,2.5,2.5,9,3.6,10.4,12.6,15.1,18.5,19.1,0.8,14.5,18.5,,,,,,,,,,,,,,,,,,,,,,,,,,,,,,,,,,,,,,,,,27.2,26.2,27.5,27.3,27.2,27.5,27.4,27.3,26,27.4,27.3,27.6,26.8,27.4,26.8,27.4,26.8,27.5,27,27.1,27.2,27.5,28.5,26.8,27.8,27.2,27.6,27,26.9,27,27.2,77,81,75,73,79,78,78,75,84,81,78,75,79,79,80,76,76,69,71,80,82,77,71,73,69,79,79,79,80,72,77,2,1,1.5,0.2,0.6,1.3,0.5,0.9,0.2,1.7,1.1,0.8,0.4,1.2,1.3,0.1,0.7,0,0,1.2,0.1,1.1,0.2,0,0.1,2.3,0.8,0,2.2,0,0.3,15.3,16.3,7.1,9.4,17.7,11.4,10.1,9.5,9.1,14.9,18.5,8.4,13.7,16.8,19.5,16.1,16.4,4.7,4.7,14.8,20.6,16.1,13.4,3,19.1,18.8,16.3,15.8,16.6,7.2,10.8,17.3,19.1,9.4,14,20.5,12.6,11.5,13,11.9,17.6,20.9,10.4,14.8,20.2,22.7,19.1,18,4.3,4.3,16.9,24.1,18,18.4,3.2,29.5,23.4,19.1,18.7,18.4,7.2,11.2,,,,,,22.2204,114.2127
2026-10-05T01:00,25.6,25.4,23.5,24.5,26.5,23.6,21.7,25.2,23.7,27.4,22.2,22.3,24.1,22.2,22.8,22.1,24,26.7,23.6,23.1,25.1,23.2,22.7,26.7,24,23.6,23.1,25.9,26,27,24.3,27.1,24.3,23.7,23.2,23.3,22.9,26.3,24.3,22.6,73,69,79,72,87,74,73,72,74,82,76,75,75,73,72,68,73,88,74,70,73,75,71,80,74,72,73,77,87,84,75,84,73,76,74,74,70,87,73,75,0.3,0.3,2.4,0,1.1,0.5,0,0.1,0,0,0,0,0.1,0,0,0,0,0.5,0,0,0.1,0,0,0,0.1,0,0,0.1,0.6,0,0.1,0,0.4,0,0,0,0,0,0,0,8.6,11.6,15.6,10.6,3.8,13.7,23.1,14.6,15.7,3.8,14.9,15.2,11.2,18,18.1,20.6,9.7,3.7,15.9,16.2,10.2,14.8,18.3,7.6,8.3,8.7,16.1,6.5,3.4,3.7,10.5,3.6,11.9,13,14.4,18.1,18.7,0.5,15.6,17.7,,,,,,,,,,,,,,,,,,,,,,,,,,,,,,,,,,,,,,,,,27,25.7,27.5,27.3,27,27.5,27.3,27.3,26.6,27.3,27.1,27.3,26.7,27.2,26.7,27.4,26.5,27.4,26.9,27,27,27.3,28.5,26.7,27.4,27.2,27.5,26.7,26.7,26.9,27,78,82,76,70,79,77,78,75,80,81,78,76,79,79,80,74,79,69,72,81,83,78,69,73,68,78,80,78,81,72,77,2,1,1.5,0.2,0.6,1.3,0.5,0.9,0.2,1.7,1.1,0.8,0.4,1.2,1.3,0.1,0.7,0,0,1.2,0.1,1.1,0.2,0,0.1,2.3,0.8,0,2.2,0,0.3,16.9,19.9,7.8,15.7,16.9,10.3,7.6,11.3,12.7,16.2,16.5,8.4,13.6,16.4,20.3,18.1,17.5,5.2,4.2,15.7,20.8,17.1,16.3,2.6,23.3,19,16.6,18.4,16.6,5.8,10.1,18.7,24.1,11.9,20.9,19.4,11.5,8.6,16.9,18,19.1,18.7,9.7,14.8,19.8,23.4,21.6,18.4,4.3,4,17.6,23.8,18.7,22.7,3.2,29.9,23.8,18.4,22.3,18,5.8,10.4,,,,,,22.2204,114.2127
2026-10-05T02:00,25.2,24.8,22.9,24,26.2,23.1,21.4,24.7,23.2,27.3,21.9,22,23.7,22.1,22.5,21.9,23.6,26.4,23.2,22.6,24.7,23,22.4,26.3,23.6,23.3,22.8,25.5,25.7,26.7,23.9,27,23.7,23.3,22.7,22.9,22.6,26.3,23.9,22.4,72,68,78,71,86,73,73,71,75,81,77,75,74,73,72,68,71,88,74,71,71,75,72,79,73,71,73,76,87,84,73,85,72,75,74,75,71,87,71,75,0.3,0.3,2.4,0,1.1,0.5,0,0.1,0,0,0,0,0.1,0,0,0,0,0.5,0,0,0.1,0,0,0,0.1,0,0,0.1,0.6,0,0.1,0,0.4,0,0,0,0,0,0,0,10.1,13.4,18.2,11.3,4.2,15.2,22.8,16.8,16.4,4.9,14.2,15.2,11.9,17.6,17.7,20.6,10.5,4.4,16.2,16.2,11.3,15.1,18.2,9.1,9,8,15.6,7.6,4.5,4.8,11.5,3.6,13,13.4,14.4,18,18.4,0,16.8,17.3,,,,,,,,,,,,,,,,,,,,,,,,,,,,,,,,,,,,,,,,,26.8,25.5,27.4,27.3,26.9,27.5,27.2,27.3,26.9,27.2,26.8,27.1,26.6,27.1,26.6,27.3,26.2,27.2,26.8,26.9,26.9,27.2,28.4,26.7,27,27.1,27.4,26.5,26.6,26.8,26.9,79,81,76,68,80,77,77,75,76,81,78,77,80,79,80,72,81,70,72,81,83,78,68,73,67,76,80,78,82,72,77,2,1,1.5,0.2,0.6,1.3,0.5,0.9,0.2,1.7,1.1,0.8,0.4,1.2,1.3,0.1,0.7,0,0,1.2,0.1,1.1,0.2,0,0.1,2.3,0.8,0,2.2,0,0.3,17.8,22,10,20.4,16.6,11.2,5.7,13.5,16,17.2,15.5,8,13.9,16.6,21,20.1,18.8,4.6,3.6,16.1,20.8,17.8,19.1,3.1,26.1,20.3,16.6,20.7,16.9,4.8,9.4,20.2,27.4,15.5,25.6,19.1,12.2,6.5,20.2,23.4,20.5,17.3,9,14.8,20.2,24.5,23.8,19.1,4.3,4,18,23.8,19.4,25.9,3.6,30.2,24.5,18,25.2,18.4,5,10.1,,,,,,22.2204,114.2127
2026-10-05T03:00,25.1,24.9,24.3,24.8,26,24.6,22.4,24.7,24.5,26.2,23.3,23.2,24.7,22.4,23.3,21.7,24.7,25.8,24,24.2,25.4,23.3,23.5,24.7,24.2,24.2,24,25.1,24.7,25.6,24.9,27.3,25.1,24.5,24.7,24.4,23.6,26.8,24.9,23.5,77,75,81,77,80,77,72,78,74,77,74,75,79,71,72,66,77,79,76,70,78,76,74,78,81,74,72,77,77,78,78,84,76,80,73,73,72,84,77,74,0.1,0,0.7,0,0.1,0,0,0,0,0,0,0,0,0,0,0,0,0,0,0,0,0,0,0,0,0,0,0,0.3,0,0,0.2,0,0,0,0,0,0,0,0,6.6,12.4,11.5,11.9,4.3,14.3,25.2,14.7,19.3,2.5,15.5,17.7,13.3,20.9,22.2,23.4,8.3,6.2,15.2,16.9,8.6,16.6,19.7,7.2,6.9,10.4,18.6,7.6,6.4,8.2,8.6,2.2,12.4,12.6,18.2,17.5,18.3,0.4,15.5,20.1,,,,,,,,,,,,,,,,,,,,,,,,,,,,,,,,,,,,,,,,,26.7,25.7,27.5,27.1,26.8,27.1,27.3,27.2,26.9,27.1,26.4,27,26.4,27.2,26.5,26.8,26,27.1,26.7,27,26.8,27,28.1,26.6,26.5,26.8,27.2,26.2,26.5,26.7,26.9,79,78,75,67,81,79,75,73,74,81,78,76,81,77,80,71,82,71,72,79,82,78,68,74,67,74,80,78,83,73,77,0.9,0.4,2,0,1.8,1.7,0.5,0,0,2.4,1.2,2.6,1.8,0.3,1.9,0,1.4,0,0,1.5,0.7,0.4,0,0.1,0,1,0.7,0,3.7,0.1,0.9,17.6,22.4,13.9,21.1,17.5,14.1,4.4,15.8,19.1,17.7,15.7,7,14.3,18,22,21.3,20,2,3.3,15.9,21,18.1,20.9,4,27.2,21.3,16,21.7,18.4,5.2,9.1,20.9,28.1,20.2,25.9,19.8,15.8,5.8,22,26.3,21.6,17.3,7.6,15.5,22.3,25.6,24.8,20.9,4,4.3,18,24.5,19.1,27.7,4.7,31.3,25.9,17.6,26.6,20.2,6.1,9.7,,,,,,22.2204,114.2127
2026-10-05T04:00,24.6,24.3,23.7,24.3,25.7,24.1,22.1,24.2,24.1,25.9,23,22.9,24.3,22.2,23,21.5,24.3,25.4,23.6,23.7,25,23.1,23.2,24.3,23.7,23.9,23.7,24.7,24.4,25.3,24.5,27.2,24.5,24.1,24.2,24,23.3,26.8,24.5,23.3,76,75,80,76,79,76,72,77,75,76,75,76,78,71,72,66,76,78,76,71,77,76,75,77,80,74,72,76,77,77,77,85,76,79,74,74,72,84,75,75,0.1,0,0.7,0,0.1,0,0,0,0,0,0,0,0,0,0,0,0,0,0,0,0,0,0,0,0,0,0,0,0.3,0,0,0.2,0,0,0,0,0,0,0,0,7.6,14.6,14.1,12.7,4.7,15.3,24.9,16.9,20,4,14.8,17.4,14.4,20.5,22.1,23,8.7,7.3,15.2,16.4,9.6,17,19.6,8.4,7.6,9.7,18.1,8.4,7.8,9.6,9.4,2.2,13.5,13,18.2,16.9,17.9,0.8,16.2,19.7,,,,,,,,,,,,,,,,,,,,,,,,,,,,,,,,,,,,,,,,,26.5,26.2,27.6,26.8,26.7,26.7,27.4,27.1,26.6,27.1,26.1,27,26.2,27.2,26.5,26.1,25.8,26.9,26.7,27.2,26.8,26.8,27.6,26.6,25.9,26.5,27.1,26,26.4,26.6,26.9,79,74,73,67,81,81,73,71,72,80,77,75,82,74,81,71,82,71,73,77,81,78,69,75,68,72,80,78,83,75,76,0.9,0.4,2,0,1.8,1.7,0.5,0,0,2.4,1.2,2.6,1.8,0.3,1.9,0,1.4,0,0,1.5,0.7,0.4,0,0.1,0,1,0.7,0,3.7,0.1,0.9,17.5,21.6,19.1,20.1,18.8,17.5,4.2,17.8,22.4,18.8,16.3,5.6,15.2,20,23.4,21.9,21.3,1.5,3.2,15,21.5,17.8,22.4,5.2,27.1,22.2,15.5,22.1,20.8,6.6,8.9,20.9,27.4,25.6,23.8,20.9,21.2,5.8,22.7,27.7,22.7,18,5.8,16.2,25.6,26.6,25.6,23,4,5.4,17.6,25.2,18.7,28.8,6.1,32.4,27.4,17.3,27,23,7.6,9.4,,,,,,22.2204,114.2127
2026-10-05T05:00,24.2,23.7,23.2,23.9,25.5,23.7,21.9,23.7,23.6,25.6,22.8,22.7,23.9,22.2,22.8,21.4,23.9,25.1,23.3,23.2,24.6,22.9,22.9,23.8,23.4,23.6,23.5,24.3,24,24.9,24.1,27.1,23.9,23.8,23.8,23.7,23.1,26.7,24.1,23.1,75,74,79,75,78,75,73,76,75,75,75,76,77,72,73,65,75,77,76,72,76,76,75,77,79,74,72,76,76,77,76,85,75,79,74,75,73,84,74,75,0.1,0,0.7,0,0.1,0,0,0,0,0,0,0,0,0,0,0,0,0,0,0,0,0,0,0,0,0,0,0,0.3,0,0,0.2,0,0,0,0,0,0,0,0,9.1,16,16.2,13.4,5.1,16.8,24.4,19.1,20.6,5.1,13.7,17.3,15.2,20.1,21.7,22.6,9,8.4,15.5,16.3,10.7,17.3,19.5,9.8,8,9.4,17.7,9.4,8.8,11,10.4,2.2,14.6,13,18.1,16.9,17.9,1.1,17.3,19.2,,,,,,,,,,,,,,,,,,,,,,,,,,,,,,,,,,,,,,,,,26.4,26.5,27.6,26.5,26.7,26.3,27.6,27,26.4,27,25.8,27,26.1,27.2,26.5,25.6,25.8,26.8,26.8,27.3,26.8,26.7,27.3,26.6,25.5,26.2,27,25.8,26.4,26.6,26.9,78,70,72,67,81,83,72,69,71,80,76,74,82,72,81,71,82,72,73,75,80,78,69,75,68,70,80,77,83,76,76,0.9,0.4,2,0,1.8,1.7,0.5,0,0,2.4,1.2,2.6,1.8,0.3,1.9,0,1.4,0,0,1.5,0.7,0.4,0,0.1,0,1,0.7,0,3.7,0.1,0.9,18.3,21.7,22.8,19,19.5,20.1,5.2,19.8,24.1,19.8,16.9,4.6,16,21.6,24.5,22.1,22,4.1,4.6,15.3,21.3,17.6,23.3,6.9,27.3,22.9,14.9,22.1,22.5,8.5,9.6,21.2,27,29.9,22.3,21.6,25.2,6.8,23.8,28.1,23.4,18.7,5.4,17.3,28.1,28.1,25.6,24.5,5,6.8,17.6,25.2,18.7,29.2,8.3,33.5,28.8,16.9,26.6,24.8,9.7,10.1,,,,,,22.2204,114.2127
2026-10-05T06:00,23.8,23.2,22.7,23.5,25.2,23.3,21.7,23.3,23.3,25.3,22.7,22.5,23.6,22.1,22.6,21.3,23.6,24.7,23,22.9,24.3,22.8,22.7,23.5,23,23.4,23.3,23.9,23.7,24.6,23.7,27,23.5,23.5,23.5,23.4,22.9,26.7,23.8,23,75,74,78,74,77,74,73,76,76,74,76,76,77,72,73,65,74,77,76,73,75,76,76,76,78,73,72,75,75,76,75,85,74,78,74,75,73,85,73,75,0.1,0,0.7,0,0.1,0,0,0,0,0,0,0,0,0,0,0,0,0,0,0,0,0,0,0,0,0,0,0,0.3,0,0,0.2,0,0,0,0,0,0,0,0,10.1,17.8,18.1,13.8,5.4,17.9,23.7,20.9,21,6.1,13.3,17.2,15.9,19.8,21.6,22.3,9.4,9.4,15.6,15.9,11.8,17.7,19.4,10.9,8.4,8.7,17.6,10.5,9.9,12.1,11.2,2.3,15.3,13.4,18.1,16.8,17.5,1.6,18,18.8,,,,,,,,,,,,,,,,,,,,,,,,,,,,,,,,,,,,,,,,,26.3,26.3,27.3,26.2,26.7,26.2,27.6,26.7,26.3,26.9,25.6,27.1,26.1,26.8,26.4,25.4,25.8,26.8,27,27.3,26.8,26.5,27,26.8,25.2,26,27,25.8,26.4,26.6,26.8,76,68,71,67,80,84,72,69,71,80,75,74,80,72,81,71,81,73,73,75,80,78,69,75,68,69,79,75,83,76,77,0.1,0,0.1,0,0.8,0.4,0.1,0,0,1.9,0.7,1.4,0.9,0,1.5,0,0.6,0.2,0,1.2,0.5,1.2,0,0.1,0,0.1,1.3,0,3.7,0.2,0.9,18.6,22.4,24.6,19.9,18.9,21.3,7.6,21.9,23.2,20.6,17.2,5,16.7,23.2,25.3,21.7,21.8,6.6,6.6,16.7,19.5,17.8,23.1,9.5,27.5,24,14.7,21.4,22.9,10.4,11.9,21.6,27.7,32,22.7,21.2,27,9.7,25.6,26.3,23.8,19.4,7.2,18.4,29.2,29.5,24.8,24.1,8.3,9.7,18.7,23.4,19.4,28.1,11.5,34.2,30.2,16.9,25.2,25.6,11.9,12.6,,,,,,22.2204,114.2127
2026-10-05T07:00,23.5,22.8,22.4,23.2,25,23,21.5,23,23,25.1,22.5,22.3,23.3,22,22.4,21.3,23.3,24.5,22.8,22.6,24,22.7,22.5,23.2,22.8,23.2,23.2,23.6,23.5,24.3,23.4,26.9,23,23.3,23.2,23.2,22.7,26.7,23.5,22.8,74,73,77,74,77,74,73,75,76,74,77,76,76,72,73,64,73,76,75,74,74,75,76,76,77,73,72,75,75,75,75,85,74,77,74,76,73,85,72,75,0.1,0,0.7,0,0.1,0,0,0,0,0,0,0,0,0,0,0,0,0,0,0,0,0,0,0,0,0,0,0,0.3,0,0,0.2,0,0,0,0,0,0,0,0,11.2,18.8,19.9,14.6,5.8,18.6,23.3,22.7,21.6,7.2,13,16.8,16.7,19.4,21.3,21.8,9.7,10.5,15.9,15.5,12.5,18.1,19,11.6,9.1,8.4,17.2,11.2,10.9,13.1,11.9,2.6,16.5,13.4,17.7,16.8,17.1,2.1,18.8,18.8,,,,,,,,,,,,,,,,,,,,,,,,,,,,,,,,,,,,,,,,,26.3,26,26.9,25.9,26.8,26.2,27.7,26.4,26.2,26.8,25.5,27.2,26.3,26.4,26.2,25.3,25.8,26.9,27.3,27.1,26.8,26.4,26.7,27,25,25.7,27.2,25.8,26.4,26.8,26.7,74,68,71,67,79,84,72,70,71,81,74,73,78,72,82,70,80,74,72,76,79,79,69,74,67,69,78,73,83,76,78,0.1,0,0.1,0,0.8,0.4,0.1,0,0,1.9,0.7,1.4,0.9,0,1.5,0,0.6,0.2,0,1.2,0.5,1.2,0,0.1,0,0.1,1.3,0,3.7,0.2,0.9,18.9,23.2,25.8,20.9,17.8,21.8,11.2,23.1,20.5,21,17.7,7.7,18,24.7,26.3,20.8,20.9,10.6,8.9,18.5,17.5,18.3,22,12.4,27.4,25.2,14.6,20.3,22.6,12.5,15,21.6,28.4,32.8,23.8,20.2,27.7,14,27.4,23.4,24.1,19.8,9.7,19.8,29.2,31,23.4,23,12.6,13,20.2,20.5,20.5,25.9,15.5,34.6,31.7,16.6,23.4,25.6,14.4,15.5,,,,,,22.2204,114.2127
2026-10-05T08:00,23.3,22.5,22.1,23,24.9,22.8,21.5,22.7,22.7,24.9,22.4,22.2,23.1,22,22.4,21.3,23.2,24.3,22.6,22.5,23.7,22.6,22.4,23,22.6,23.1,23,23.4,23.3,24.1,23.2,26.8,22.7,23.1,23.1,23,22.5,26.7,23.4,22.8,73,73,76,73,76,73,72,74,76,73,77,76,75,72,73,63,72,75,75,74,73,75,75,75,76,73,72,74,74,75,74,85,73,77,74,76,73,85,71,75,0.1,0,0.7,0,0.1,0,0,0,0,0,0,0,0,0,0,0,0,0,0,0,0,0,0,0,0,0,0,0,0.3,0,0,0.2,0,0,0,0,0,0,0,0,11.9,19.9,21,15,6.5,19.3,23,23.8,22,8.3,12.6,16.8,17.1,19,20.8,21.5,10.1,11.2,15.9,15.1,13.2,18.1,18.9,12.3,9.4,8.4,16.8,11.9,11.7,14.2,12.6,3.1,16.8,13.7,17.7,16.8,16.7,2.1,19.1,18.4,,,,,,,,,,,,,,,,,,,,,,,,,,,,,,,,,,,,,,,,,26.3,25.9,26.7,25.8,27,26.3,27.8,26.4,26.3,26.8,25.5,27.4,26.5,26.1,26.2,25.4,25.9,27.1,27.7,27,26.9,26.4,26.7,27.3,25,25.7,27.4,26,26.4,26.9,26.6,72,67,70,67,77,83,72,70,70,81,73,73,75,72,82,69,78,74,71,77,78,79,68,73,66,68,76,71,82,76,79,0.1,0,0.1,0,0.8,0.4,0.1,0,0,1.9,0.7,1.4,0.9,0,1.5,0,0.6,0.2,0,1.2,0.5,1.2,0,0.1,0,0.1,1.3,0,3.7,0.2,0.9,18.9,24.1,26.3,21.3,17.3,22,14,23.9,19.1,20.6,18,10.7,18.5,25.5,27.2,19.8,20.1,14.2,10.5,20.3,16,18.9,21.2,14.8,27.6,25.7,14.5,19.7,21.9,14.2,17.4,21.6,29.2,32.8,24.1,19.4,27.7,17.6,28.1,21.6,23.4,20.2,12.2,20.2,29.2,32,22.3,22,15.8,16.2,21.6,18.4,21.6,24.1,18.4,35.3,32,16.6,22.3,25.2,16.2,18,,,,,,22.2204,114.2127
2026-10-05T09:00,23.1,22.4,22,22.9,24.9,22.7,21.5,22.6,22.5,24.8,22.4,22.2,23,22,22.4,21.4,23.1,24.2,22.5,22.5,23.6,22.6,22.3,22.9,22.5,23,22.9,23.3,23.1,24,23.1,26.8,22.5,23,23,22.9,22.4,26.8,23.3,22.8,72,73,75,72,75,72,71,73,76,73,77,75,74,72,72,62,71,74,75,74,72,74,74,74,75,73,72,73,74,75,74,84,72,77,73,76,72,85,70,74,0,0,0,0,0,0,0,0,0,0,0,0,0,0,0,0,0,0,0,0,0,0,0,0,0,0,0,0,0,0,0,0.2,0,0,0,0,0,1,0,0,12.6,20.6,21.7,15.3,7.2,19.7,22.6,24.5,22.4,9.4,12.6,16.8,17.5,18.6,20.5,20.8,10.4,11.9,15.9,14.8,13.9,18.1,18.5,12.7,9.8,8.4,16.3,12.6,12.4,14.9,13.3,3.6,17.2,14.1,17.3,17.1,16.3,2.1,19.5,18.4,,,,,,,,,,,,,,,,,,,,,,,,,,,,,,,,,,,,,,,,,26.5,26,26.9,26,27.3,26.5,28.2,26.7,26.6,26.9,25.5,27.6,26.8,26.2,26.3,25.9,26.2,27.3,28,27.1,27.2,26.5,26.9,27.6,25.2,25.9,27.7,26.4,26.3,27.1,26.4,70,66,69,67,75,80,70,69,68,80,72,72,72,70,81,66,75,73,70,77,75,78,66,71,65,67,74,68,80,75,79,0,0,0,0.1,0.2,0,0,0,0,2.7,0.6,0.6,0,0,1.4,0,0.1,0,0,1.3,0.4,0.7,0,0,0,0,1.6,0,1.8,0.1,0.7,19,24.9,26.7,19.6,18.1,21.9,17.1,23.1,19.6,19.4,17.9,12.3,18,25.3,27.3,19.1,19.4,16.1,13.4,22.2,15.5,19,20.5,16.3,28,25.6,14.8,20.1,20.1,15.5,17.6,20.9,29.5,32.4,22.3,19.8,27,20.5,27,22.3,21.6,20.2,13.7,19.4,28.8,32,21.6,20.9,17.6,19.4,23.8,17.6,22,22.7,19.4,36.7,31.3,16.6,23,23.8,17.3,18.7,,,,,,22.2204,114.2127
2026-10-05T10:00,23.1,22.4,22,22.8,24.9,22.7,21.6,22.5,22.4,24.7,22.3,22.3,22.9,22,22.5,21.5,23.1,24.2,22.5,22.7,23.4,22.6,22.2,22.9,22.4,23.1,22.9,23.2,23.1,23.9,23.1,26.7,22.3,22.9,23.1,22.8,22.4,26.9,23.3,22.8,72,72,75,72,74,72,69,72,75,72,77,74,74,71,71,60,71,73,74,74,72,74,72,74,75,73,72,73,73,74,73,83,71,76,72,76,71,85,69,74,0,0,0,0,0,0,0,0,0,0,0,0,0,0,0,0,0,0,0,0,0,0,0,0,0,0,0,0,0,0,0,0.2,0,0,0,0,0,1,0,0,13,21,22.4,15.7,7.9,20.1,21.9,25.3,22.7,10.4,13,16.5,17.9,18.3,20.1,20,10.4,13,15.9,14,14.3,18.1,18.5,13.1,10.5,8.4,15.9,13.3,13.5,15.7,13.7,4.7,17.2,14.5,17.3,17.5,15.9,2,19.5,18.1,,,,,,,,,,,,,,,,,,,,,,,,,,,,,,,,,,,,,,,,,26.8,26.3,27.2,26.3,27.8,26.8,28.6,27.3,27,27.1,25.5,27.9,27.1,26.4,26.5,26.6,26.5,27.5,28.4,27.2,27.7,26.6,27.3,28,25.7,26.2,28.2,27,26.2,27.3,26.1,68,65,67,66,73,77,68,66,65,79,71,72,69,68,80,63,70,71,68,77,71,76,64,69,63,66,72,66,78,74,79,0,0,0,0.1,0.2,0,0,0,0,2.7,0.6,0.6,0,0,1.4,0,0.1,0,0,1.3,0.4,0.7,0,0,0,0,1.6,0,1.8,0.1,0.7,18.8,25.3,27,17.2,19.4,21.1,20,21.5,21.2,17.5,17.4,13.7,17,24.4,27.1,18.4,19,17.4,18.3,24.2,15.8,19.2,19.9,18,28.1,25.2,15.1,20.6,18.6,16.9,16.6,20.2,29.9,31.3,19.8,20.5,25.2,23,24.8,24.5,19.4,19.8,15.1,18,27.7,32,20.9,20.2,18.4,22.3,25.9,18,22,20.9,19.4,38.9,29.5,16.2,24.5,21.2,18.4,18.4,,,,,,22.2204,114.2127
2026-10-05T11:00,23.1,22.5,22,22.8,24.9,22.7,21.8,22.4,22.3,24.6,22.4,22.4,22.9,22.1,22.7,21.7,23.1,24.3,22.6,22.9,23.3,22.6,22.2,23,22.4,23.2,22.9,23.2,23,23.8,23.1,26.7,22.2,22.9,23.3,22.8,22.4,27,23.4,23,71,72,74,71,73,71,67,71,75,72,77,73,73,71,70,58,71,73,74,74,71,73,70,73,74,72,71,72,73,74,73,81,70,76,71,76,70,85,69,73,0,0,0,0,0,0,0,0,0,0,0,0,0,0,0,0,0,0,0,0,0,0,0,0,0,0,0,0,0,0,0,0.2,0,0,0,0,0,1,0,0,13.4,21.4,22.8,16.1,9,20.4,21.5,26,23.1,11.5,13.4,16.5,17.9,17.9,19.4,18.9,10.4,13.8,15.9,13.7,14.6,17.7,17.8,13.4,11.2,8.7,15.2,14,14.3,16.4,14.4,6.1,17.5,14.8,17,17.8,15.6,1.8,19.9,18.1,,,,,,,,,,,,,,,,,,,,,,,,,,,,,,,,,,,,,,,,,27,26.6,27.6,26.6,28.2,27.1,28.9,27.8,27.5,27.2,25.5,28.1,27.4,26.7,26.7,27.1,26.9,27.7,28.6,27.2,28.2,26.7,27.7,28.3,26.2,26.6,28.5,27.4,26.1,27.5,25.9,67,64,66,66,71,74,66,65,63,78,70,71,67,66,79,61,67,69,67,77,68,75,63,68,62,65,70,64,76,73,79,0,0,0,0.1,0.2,0,0,0,0,2.7,0.6,0.6,0,0,1.4,0,0.1,0,0,1.3,0.4,0.7,0,0,0,0,1.6,0,1.8,0.1,0.7,18.8,25.4,26.9,15.6,19.9,21.2,21.9,19.7,22.7,15.5,17.4,15.3,16.1,23.7,27.4,19,19.1,17.8,21.4,25.6,16.5,19.3,18.9,18.9,28.5,24.5,14.6,21.8,17.4,17.8,16.2,20.2,29.5,30.6,18,20.9,24.5,24.5,22.7,26.3,17.3,19.8,15.5,16.9,27.4,31.7,20.9,19.8,18.7,23.8,27.4,19.1,22.3,19.4,19.4,39.6,27.7,15.5,25.9,19.8,18.7,18,,,,,,22.2204,114.2127
2026-10-05T12:00,23.1,22.7,22.1,22.9,25,22.7,22.1,22.4,22.3,24.5,22.4,22.5,22.9,22.1,22.9,22,23.2,24.4,22.7,23.3,23.3,22.7,22.3,23.2,22.5,23.3,22.8,23.2,23,23.8,23.2,26.7,22.1,22.9,23.5,22.8,22.4,27.1,23.5,23.1,70,72,73,71,73,71,65,69,75,72,77,71,72,71,69,55,71,72,74,74,71,72,68,73,73,72,71,72,72,74,73,79,69,76,69,76,68,85,68,71,0,0,0,0,0,0,0,0,0,0,0,0,0,0,0,0,0,0,0,0,0,0,0,0,0,0,0,0,0,0,0,0.2,0,0,0,0,0,1,0,0,13.8,21.4,22.9,16.5,9.8,20.5,20.8,26.4,23.1,12.6,13.8,16.1,17.9,17.5,18.6,17.8,10.4,14.9,15.9,13,15.4,17.7,17.4,13.8,11.9,9,14.8,14.8,15.3,17.2,14.8,7.6,17.1,15.2,16.3,18.5,14.8,1.6,20,17.8,,,,,,,,,,,,,,,,,,,,,,,,,,,,,,,,,,,,,,,,,27,26.9,28,26.7,28.3,27.3,29.1,28.2,27.9,27.1,25.6,28.4,27.7,27.2,27,27.4,27.2,27.8,28.7,27.2,28.6,26.8,28.1,28.4,26.7,27.1,28.5,27.5,25.9,27.6,25.7,67,64,66,66,70,73,66,65,63,77,70,70,66,64,78,61,65,69,67,78,66,74,63,68,61,64,70,64,75,72,78,0.2,0,0,0.2,0,0,0.1,0,0,2.4,0.7,1.3,0,0,1.4,0,0,0.3,0.1,0.6,0,0.4,0,0.1,0,0,1.6,0,0.7,0.3,0.2,19.6,25.2,26.1,15.5,19.1,22.5,21.4,18.3,23.5,12.7,17.9,15.1,15.8,23.3,27.7,21.1,19.5,16.8,19.9,25.9,17.7,19.5,17.4,18.4,28.7,22.9,12.7,23.2,16.6,17.9,16.1,21.2,28.8,29.9,17.6,20.9,25.2,24.5,20.9,27.4,15.5,20.9,15.1,16.9,27.7,31.7,22.3,20.5,17.6,22.3,27.7,20.9,22.7,17.6,19.4,38.5,25.9,14,27.4,19.4,18.7,17.6,,,,,,22.2204,114.2127
2026-10-05T13:00,23.2,23,22.3,23,25.2,22.8,22.4,22.4,22.3,24.4,22.5,22.7,22.9,22.2,23.1,22.3,23.4,24.5,22.8,23.7,23.3,22.8,22.3,23.4,22.6,23.5,22.9,23.3,23,23.8,23.3,26.7,22.1,22.9,23.7,22.8,22.5,27.2,23.7,23.3,70,72,73,71,72,71,62,68,74,71,76,69,71,70,67,53,70,71,74,74,71,71,65,72,73,72,71,71,72,73,72,77,68,75,67,76,66,86,67,70,0,0,0,0,0,0,0,0,0,0,0,0,0,0,0,0,0,0,0,0,0,0,0,0,0,0,0,0,0,0,0,0.2,0,0,0,0,0,1,0,0,14.2,21.8,22.9,16.5,10.9,20.5,19.8,26.8,23.5,13.8,14.5,15.8,18.4,17.2,18.2,16.8,10.4,15.7,15.5,11.9,15.7,17.4,17.1,13.8,12.6,9.4,14.1,15.5,16.1,17.9,15.2,9.2,17.1,15.9,16,18.9,14.5,1.8,19.7,17.8,,,,,,,,,,,,,,,,,,,,,,,,,,,,,,,,,,,,,,,,,27,27.2,28.3,26.7,28.4,27.4,29.1,28.5,28.3,27,25.6,28.7,28,27.7,27.3,27.5,27.5,27.9,28.7,27.1,29,26.8,28.5,28.4,27.2,27.6,28.4,27.4,25.8,27.7,25.4,67,64,66,67,71,73,68,65,65,76,70,68,66,63,76,62,64,69,68,78,65,73,63,68,60,64,70,64,74,72,78,0.2,0,0,0.2,0,0,0.1,0,0,2.4,0.7,1.3,0,0,1.4,0,0,0.3,0.1,0.6,0,0.4,0,0.1,0,0,1.6,0,0.7,0.3,0.2,20.7,24.9,25.5,15.8,18.4,24.3,20.2,17.6,24.4,10.7,18.9,14,16.1,23,28.1,24.5,20.6,14.8,16.9,25.1,20.1,20.4,15.8,17.5,29.1,21.3,10.8,24.6,16,17.3,15.8,23,27.4,28.8,17.6,20.5,26.6,23.8,19.1,28.1,14,22.3,13.7,16.9,28.8,31.7,24.5,22,15.8,19.8,27,23.4,23,16.2,19.1,36.4,23.8,12.2,28.8,20.2,18.4,16.9,,,,,,22.2204,114.2127
2026-10-05T14:00,23.3,23.2,22.5,23.2,25.3,22.9,22.7,22.5,22.3,24.3,22.5,22.9,23,22.4,23.4,22.7,23.5,24.7,22.9,24.1,23.2,22.9,22.4,23.6,22.7,23.7,22.9,23.4,23,23.8,23.4,26.7,22.1,22.9,24,22.8,22.6,27.3,23.9,23.5,69,71,72,70,71,70,59,66,73,71,76,68,71,70,66,51,70,70,73,73,71,70,62,72,72,72,71,70,72,73,72,75,67,75,65,76,64,86,66,69,0,0,0,0,0,0,0,0,0,0,0,0,0,0,0,0,0,0,0,0,0,0,0,0,0,0,0,0,0,0,0,0.2,0,0,0,0,0,1,0,0,14.2,21.5,23,16.9,12.1,20.5,19.1,26.8,23.5,14.9,15.3,15.5,18,16.8,17.2,15.6,10.4,16.8,15.5,11.2,15.7,17,16.3,13.9,13,9.7,13.3,16.2,17.2,18.3,16,10.6,16.8,16.3,15.7,19.6,13.8,1.8,19.7,17.5,,,,,,,,,,,,,,,,,,,,,,,,,,,,,,,,,,,,,,,,,26.9,27.4,28.6,26.6,28.4,27.5,29.1,28.6,28.5,27,25.6,28.9,28.2,28.1,27.5,27.6,27.7,28,28.6,26.9,29.3,26.8,28.8,28.4,27.6,28,28.4,27.3,25.7,27.8,25.3,67,64,66,68,71,73,69,66,66,75,70,67,66,62,75,63,63,69,68,79,64,73,64,68,59,64,70,65,73,72,77,0.2,0,0,0.2,0,0,0.1,0,0,2.4,0.7,1.3,0,0,1.4,0,0,0.3,0.1,0.6,0,0.4,0,0.1,0,0,1.6,0,0.7,0.3,0.2,21.5,24.1,25.5,16.3,18.4,25.6,20.2,16.6,25.4,11.3,20,12.8,15.1,23.1,28.8,26.9,21.7,13.6,15.4,24.7,22,20.6,14.8,17.2,29.4,20.8,9.9,26,16.4,16.9,16.2,24.5,26.3,28.8,17.6,20.5,27.4,23.4,17.6,28.8,13.7,24.1,13,16.9,29.5,32,26.3,23.8,15.1,18,27,25.9,23.4,15.1,19.4,34.6,23,10.8,30.2,20.9,18,16.9,,,,,,22.2204,114.2127
2026-10-05T15:00,23.4,23.5,22.7,23.3,25.4,23.1,23,22.6,22.3,24.3,22.6,23.1,23,22.5,23.7,23,23.7,24.8,23.1,24.6,23.2,23,22.5,23.9,22.8,23.9,22.9,23.5,23,23.8,23.6,26.7,22.1,23,24.3,22.9,22.6,27.5,24.1,23.7,68,71,72,70,70,70,57,65,72,71,76,66,70,69,64,48,70,69,73,73,70,69,59,71,72,72,70,70,71,73,72,73,66,75,63,75,62,86,66,68,0,0,0,0,0,0,0,0,0,0,0,0,0,0,0,0,0,0,0,0,0,0,0,0,0,0,0,0,0,0,0,0.2,0,0,0,0,0,1,0,0,14.2,21.5,22.7,16.8,13.4,20.2,18.4,26.8,23.9,15.7,15.7,15.2,18,16.5,16.4,14.2,10.4,17.6,15.1,10.5,16.1,16.7,15.6,13.9,13.7,10.1,12.6,16.6,18,19.1,16.3,12.1,16.3,16.8,15,20,13,1.9,19.4,17.5,,,,,,,,,,,,,,,,,,,,,,,,,,,,,,,,,,,,,,,,,26.9,27.6,28.8,26.5,28.4,27.7,29.1,28.5,28.5,27.1,25.3,28.8,28.3,28.2,27.4,27.7,27.5,28.2,28.6,26.8,29.5,26.6,28.8,28.6,27.9,28.1,28.4,27.1,25.6,27.8,25.2,67,64,66,69,72,72,69,67,67,73,71,67,66,62,75,63,63,68,68,79,64,73,65,67,59,65,70,66,73,72,77,0.2,0,0,0,0.4,0,0.7,0,0,0.8,0.4,1.2,0,0,0.8,0,0,0.4,0.3,0.4,0,0.2,0,0,0,0,2.1,0,0.5,0.6,0.2,21.8,22.7,26,16.1,18.9,24.8,20.2,15,26.5,13.8,22.1,12.4,12.6,23.8,29.5,27.7,23.5,13.3,14.1,24.8,23.7,20.5,13.6,18.2,29.7,21.4,8.8,27.2,17.3,16.8,16.8,24.8,25.6,29.5,17.3,20.9,27,24.5,16.2,29.9,15.8,26.6,12.6,15.5,29.5,32.8,27.7,26.6,16.6,17.6,27.4,28.4,23.8,14.8,20.5,34.2,23.8,9.7,31.3,22,18,18,,,,,,22.2204,114.2127
2026-10-05T16:00,23.5,23.8,22.9,23.5,25.6,23.2,23.3,22.6,22.3,24.2,22.7,23.3,23.1,22.6,24,23.3,23.8,25,23.2,25,23.2,23.1,22.5,24.1,22.9,24.1,23,23.6,23.1,23.8,23.7,26.7,22.1,23,24.6,22.9,22.7,27.6,24.3,23.9,68,71,71,70,69,69,54,63,72,71,75,64,69,69,62,46,70,69,73,72,70,68,57,71,71,71,70,69,71,72,72,71,65,75,62,75,60,85,65,66,0,0,0,0,0,0,0,0,0,0,0,0,0,0,0,0,0,0,0,0,0,0,0,0,0,0,0,0,0,0,0,0.2,0,0,0,0,0,1,0,0,14.6,21.2,22.3,16.8,14.6,20.3,17.8,26.8,23.9,16.8,16.5,14.8,18.1,16.1,15.7,13.1,10.4,18.4,15.1,9.7,16.1,15.9,15.2,14,14.4,10.5,11.9,17.3,18.7,19.4,16.8,13.6,15.9,17.1,14.8,20.7,12.6,2.1,19.1,17.2,,,,,,,,,,,,,,,,,,,,,,,,,,,,,,,,,,,,,,,,,27,27.7,29,26.4,28.3,28,29.1,28.1,28.3,27.4,25,28.5,28.3,28.1,27.1,27.8,27.2,28.5,28.7,26.7,29.5,26.5,28.6,28.9,28.1,28.2,28.4,26.9,25.6,27.8,25.1,66,65,65,70,73,71,69,69,68,72,72,68,65,63,76,62,64,66,68,79,65,73,66,66,59,66,69,67,74,72,77,0.2,0,0,0,0.4,0,0.7,0,0,0.8,0.4,1.2,0,0,0.8,0,0,0.4,0.3,0.4,0,0.2,0,0,0,0,2.1,0,0.5,0.6,0.2,21.7,21,26.5,15.9,18.9,23.3,20.4,13.7,27.5,16.8,24.6,12.6,9.6,24.8,30,27.6,25.6,13.7,12.6,25.6,25.5,20.1,12.8,19.6,30,22.7,7.5,28.1,17.7,16.7,17.9,24.8,24.8,31,16.6,21.2,26.3,26.3,15.1,31,19.4,29.2,12.2,13.3,29.2,33.8,28.8,29.9,18.7,18.4,28.1,31,24.1,14.8,22.3,34.2,25.6,9,32,23.4,18,19.4,,,,,,22.2204,114.2127
2026-10-05T17:00,23.5,24,23,23.6,25.7,23.3,23.5,22.7,22.3,24.1,22.8,23.5,23.2,22.7,24.2,23.5,24,25.1,23.3,25.4,23.2,23.2,22.6,24.3,23,24.3,23,23.6,23.1,23.8,23.8,26.6,22.1,23.1,24.8,22.9,22.8,27.6,24.4,24,67,70,70,69,68,69,52,62,71,71,75,62,68,68,61,44,70,68,72,72,70,67,54,70,71,71,70,69,71,72,72,69,64,74,60,74,58,85,64,65,0,0,0,0,0,0,0,0,0,0,0,0,0,0,0,0,0,0,0,0,0,0,0,0,0,0,0,0,0,0,0,0.2,0,0,0,0,0,1,0,0,14.6,20.8,22,16.8,15.4,19.9,17.5,26.5,23.9,17.6,16.8,14.5,17.7,15.7,15,12,10.4,19.1,14.8,9.1,16.5,15.6,14.5,14,14.8,10.5,11.5,17.7,19.1,19.8,16.8,15,15.6,17.5,14.1,21.1,11.9,2.3,19.1,17.2,,,,,,,,,,,,,,,,,,,,,,,,,,,,,,,,,,,,,,,,,26.9,27.7,29,26.2,28.2,28.1,29,27.9,28,27.4,24.7,28.3,28.3,27.9,26.9,27.8,26.9,28.6,28.6,26.5,29.2,26.3,28.5,28.9,28,28.1,28.4,26.6,25.7,27.8,25.1,66,65,65,71,74,70,69,70,69,71,73,69,65,63,77,62,65,65,67,79,65,73,67,66,60,67,70,67,74,72,77,0.2,0,0,0,0.4,0,0.7,0,0,0.8,0.4,1.2,0,0,0.8,0,0,0.4,0.3,0.4,0,0.2,0,0,0,0,2.1,0,0.5,0.6,0.2,22.1,19.9,27.5,16,19.1,22.7,20.9,13.3,28,19.3,26.3,12.9,8.3,25.7,29.8,27.8,26.9,15.8,13.3,26.8,28,20.3,13,21.4,30.4,24.8,7.6,28.2,18.6,16.7,19.1,25.9,24.5,32.8,16.6,22,26.3,28.4,14.8,32,22,31,13.3,13,29.2,33.8,30.6,31.7,21.6,21.2,29.9,34.2,24.5,15.8,23.8,34.6,28.4,9.7,32,24.8,18.4,21.2,,,,,,22.2204,114.2127
2026-10-05T18:00,23.6,24.2,23.1,23.7,25.7,23.4,23.7,22.7,22.3,24.1,22.8,23.6,23.2,22.7,24.4,23.7,24.1,25.1,23.4,25.8,23.2,23.3,22.6,24.5,23.1,24.5,23,23.7,23.1,23.8,23.9,26.5,22.1,23.1,25,22.9,22.8,27.7,24.6,24.1,66,70,70,69,68,69,50,61,70,70,75,60,68,67,59,42,70,67,72,71,70,66,52,70,70,71,69,69,71,71,72,67,63,74,58,74,57,85,64,64,0,0,0,0,0,0,0,0,0,0,0,0,0,0,0,0,0,0,0,0,0,0,0,0,0,0,0,0,0,0,0,0.2,0,0,0,0,0,1,0,0,14.6,20.5,21.7,16.8,15.8,19.6,16.8,26.1,23.9,18.4,17.2,14.5,17.7,15.3,14.2,10.9,10.4,19.6,14.8,8.4,16.5,15.2,14.2,14,15.2,10.9,10.8,18.1,19.5,19.8,17.2,16.2,15.2,17.9,13.9,21.5,11.6,2.3,18.4,16.9,,,,,,,,,,,,,,,,,,,,,,,,,,,,,,,,,,,,,,,,,26.6,27.5,28.8,25.8,28.2,28,28.5,27.9,27.7,27.2,24.3,28.2,28,27.6,26.7,27.6,26.8,28.3,28.5,26.3,28.6,26.3,28.3,28.7,27.4,27.7,28.1,26.4,25.9,27.8,25,67,66,65,72,74,70,68,70,69,72,74,69,65,63,78,62,65,65,65,80,65,73,68,66,61,67,72,67,74,72,77,0.1,0,0,0.2,1.5,0,0.1,0.2,0,0,0.1,0.1,0,0,0.2,0,0,0.1,0.2,0.6,0,0,0.2,0,0,0,2.6,0.1,0,0.7,0.2,24.4,20.7,30,16.4,20,24.4,23.6,12.3,28.6,20.2,26.7,14.5,10.5,26.8,28.9,29.2,27.2,20.3,19.3,29.2,31.9,20.8,15.3,22.5,31.1,28.5,10.7,27.3,20.1,17.1,20.4,29.5,24.8,35.6,17.3,23.8,28.1,31.3,15.5,33.5,22.7,31.7,16.9,16.2,29.5,32.8,33.5,31.7,25.2,28.4,33.1,38.5,24.8,18.7,25.2,34.9,33.1,12.6,31,27.4,19.4,23,,,,,,22.2204,114.2127
2026-10-05T19:00,23.6,24.4,23.2,23.7,25.7,23.5,23.8,22.7,22.3,23.9,22.9,23.7,23.3,22.8,24.5,23.9,24.2,25.1,23.5,26,23.2,23.4,22.6,24.6,23.1,24.6,23,23.7,23.1,23.7,23.9,26.4,22.1,23.1,25,22.9,22.8,27.6,24.7,24.2,66,70,69,68,67,68,48,60,69,70,74,58,67,67,58,41,69,67,71,71,69,66,50,69,70,71,69,68,70,71,72,66,63,74,57,73,55,85,63,63,0,0,0,0,0,0,0,0,0,0,0,0,0,0,0,0,0,0,0,0,0,0,0,0,0,0,0,0,0,0,0,0.2,0,0,0,0,0,1,0,0,14.2,19.8,21.4,16.8,16.6,19.2,16.4,25.8,23.6,18.8,17.6,14.1,17.3,15,13.8,10.2,10.1,19.9,14.4,8,16,14.9,13.8,13.6,15.2,10.9,10.4,18.1,19.5,19.8,17.2,17.3,14.8,17.9,13.6,21.8,11.2,2.3,18.1,16.9,,,,,,,,,,,,,,,,,,,,,,,,,,,,,,,,,,,,,,,,,26.3,27,28.3,25.3,28.3,27.7,27.9,28.1,27.3,26.7,24,28,27.7,27.1,26.6,27.3,26.8,27.7,28.3,26,27.7,26.4,28.2,28.2,26.5,27.3,27.8,26.1,26.2,27.7,25,67,66,64,74,73,70,67,70,68,73,75,69,66,62,78,62,65,65,61,82,65,72,68,67,63,66,75,67,74,72,76,0.1,0,0,0.2,1.5,0,0.1,0.2,0,0,0.1,0.1,0,0,0.2,0,0,0.1,0.2,0.6,0,0,0.2,0,0,0,2.6,0.1,0,0.7,0.2,27.3,22.4,33.5,17.1,21.3,26.8,27.9,12.2,29.6,20.4,26.1,19.4,16.2,27.3,27.6,30.4,27.1,26.1,29.1,32.4,36.9,21,19.7,23.7,31.9,33.3,15.3,25.6,22.1,17.6,22,33.8,25.2,39.2,18.4,25.9,30.2,34.9,16.9,34.6,22.7,31.3,21.6,20.9,30.2,31,36.7,30.2,29.2,38.2,37.1,43.6,24.8,22.7,26.6,35.6,39.2,16.9,29.2,29.9,20.5,24.8,,,,,,22.2204,114.2127
2026-10-05T20:00,23.6,24.4,23.2,23.7,25.7,23.5,23.7,22.7,22.2,23.8,22.9,23.7,23.3,22.8,24.6,23.9,24.2,25,23.5,26.1,23.2,23.4,22.5,24.6,23.1,24.6,23,23.6,23.1,23.6,23.9,26.2,22,23,25,22.8,22.8,27.6,24.7,24.2,65,69,68,68,67,68,47,59,68,70,74,57,66,66,57,40,69,66,71,70,69,65,48,69,69,71,68,68,70,70,72,65,62,73,56,72,54,84,62,62,0,0,0,0,0,0,0,0,0,0,0,0,0,0,0,0,0,0,0,0,0,0,0,0,0,0,0,0,0,0,0,0.2,0,0,0,0,0,1,0,0,14.2,19.4,21,16.4,16.6,18.9,16.1,25.3,23.6,18.8,17.6,13.8,16.9,14.6,13.1,9.4,10.1,19.9,14.4,7.6,16,14.5,13.4,13.6,15.2,10.9,10.1,18.1,19.5,19.8,17.2,18,14.4,17.9,13.2,21.8,10.8,2.3,17.7,16.6,,,,,,,,,,,,,,,,,,,,,,,,,,,,,,,,,,,,,,,,,26,26.6,27.8,24.9,28.3,27.4,27.4,28.1,26.9,26.4,23.8,27.7,27.3,26.7,26.5,26.9,26.6,27.1,28,25.8,26.9,26.4,28,27.8,25.7,26.9,27.4,25.9,26.4,27.6,24.9,68,67,64,74,72,70,66,70,67,74,76,69,66,62,78,62,65,65,59,83,65,72,69,68,64,65,77,66,74,72,76,0.1,0,0,0.2,1.5,0,0.1,0.2,0,0,0.1,0.1,0,0,0.2,0,0,0.1,0.2,0.6,0,0,0.2,0,0,0,2.6,0.1,0,0.7,0.2,28.9,23.4,35.3,17.3,22.7,28.2,31.2,13.8,30.4,19.6,25.2,23.9,20.9,27.2,25.4,31.6,25.9,29.8,36,35,40.2,21.2,23.2,24,31.7,36.7,18.7,24.3,23.4,17.6,22.5,36.4,25.2,40.3,18.7,27,31.7,36.7,19.1,34.9,21.6,30.2,25.6,24.8,29.9,28.8,38.5,28.4,31.7,44.3,40.7,47.2,24.8,25.6,27.4,35.6,43.6,20.2,27.7,31.3,21.2,25.9,,,,,,22.2204,114.2127
2026-10-05T21:00,23.5,24.4,23.1,23.6,25.5,23.5,23.6,22.6,22.1,23.7,22.9,23.6,23.3,22.7,24.5,23.8,24.1,24.8,23.4,26.1,23.1,23.4,22.4,24.5,23.1,24.6,23,23.5,23,23.4,23.8,26,22,22.9,24.9,22.7,22.8,27.4,24.6,24.1,64,68,67,68,67,68,46,58,67,70,74,56,65,65,56,40,68,66,70,69,69,64,47,69,68,71,67,68,70,69,72,65,62,72,55,71,53,83,61,61,0,0,0,0,0,0,0,0,0,0,0,0,0,0,0,0,0,0,0,0,0,0,0,0,0,0,0,0,0,0,0,0,0,0,0,0,0,0,0,0,14.2,18.6,20.7,16,16.5,18.5,16.1,24.6,23.2,18.8,17.6,13.4,16.5,14.3,12.7,9,10.1,19.8,14.4,7.3,15.6,14.2,13,13.6,14.8,10.6,9.7,18.1,19.1,19.5,17.2,18.3,14.1,17.9,12.9,21.8,10.5,2.1,17.4,16.2,,,,,,,,,,,,,,,,,,,,,,,,,,,,,,,,,,,,,,,,,25.7,26.4,27.2,24.7,28,26.9,26.9,27.8,26.4,26.2,23.6,27,26.9,26.3,26.2,26.6,26.3,26.5,27.3,25.6,26.4,26.3,27.6,27.5,25.2,26.6,27,25.6,26.2,27.4,24.6,68,68,65,73,71,69,66,69,67,74,76,69,66,61,76,62,66,63,59,84,65,71,69,68,65,64,78,65,73,71,77,0,0,0,0.2,0.4,0,0,0.1,0,0,0.2,0,0,0,0.1,0,0,0,0,1.1,0,0,0,0.2,0,0,2.1,0.1,0,0.3,0.3,28.3,22.2,33.2,16.1,22.5,27.2,31.1,17.5,29.4,17.5,23.4,25.6,22.9,25.3,23,31.9,23.6,29.8,36.9,36.9,40.5,21.1,23.9,23.3,30.3,37.5,20,23.5,23.5,16.6,21.9,35.3,23.8,37.4,17.6,26.6,31,36,22.7,33.5,19.4,28.1,27.7,26.6,28.1,26.6,38.5,26.3,32,44.6,43.2,48.6,24.1,26.3,27.4,34.2,45.4,21.6,27,30.2,20.2,25.6,,,,,,22.2204,114.2127
2026-10-05T22:00,23.3,24.3,22.9,23.5,25.3,23.5,23.3,22.5,22,23.5,22.8,23.4,23.2,22.6,24.4,23.6,24,24.5,23.3,26,23,23.3,22.2,24.3,23,24.6,23,23.4,22.9,23.2,23.6,25.6,21.9,22.8,24.6,22.6,22.7,27.2,24.5,23.9,63,67,66,67,67,67,46,58,66,70,74,54,64,64,55,40,68,65,70,68,68,64,46,68,67,71,66,68,69,68,72,64,61,72,55,69,52,82,60,61,0,0,0,0,0,0,0,0,0,0,0,0,0,0,0,0,0,0,0,0,0,0,0,0,0,0,0,0,0,0,0,0,0,0,0,0,0,0,0,0,13.8,17.9,20.3,15.2,16.1,17.7,16.1,23.8,23.2,18.4,17.2,13.4,16.2,14.2,11.9,8.6,9.7,19.5,14.4,7.2,15.2,13.8,13,13.2,14.4,10.2,9.7,17.7,18.3,19.1,16.8,18.6,13.7,17.5,12.8,21.5,10.4,1.9,16.6,16.2,,,,,,,,,,,,,,,,,,,,,,,,,,,,,,,,,,,,,,,,,25.5,26.1,26.4,24.6,27.7,26.4,26.5,27.3,25.9,26.2,23.6,26.2,26.4,25.9,25.9,26.2,25.8,25.9,26.4,25.4,26.1,26.3,27.2,27.3,24.8,26.5,26.6,25.4,25.9,27.3,24.3,68,69,65,71,69,69,66,67,67,74,76,69,67,61,72,63,67,61,59,85,66,71,70,69,66,63,78,64,70,71,78,0,0,0,0.2,0.4,0,0,0.1,0,0,0.2,0,0,0,0.1,0,0,0,0,1.1,0,0,0,0.2,0,0,2.1,0.1,0,0.3,0.3,26.8,20.5,28.9,14.6,21.7,25.2,29.1,22.3,27.2,14.9,21.4,25.2,23.5,22.7,21.3,31.3,20.9,27.6,34.2,38.4,39,20.2,23.6,22.7,27.9,36.9,20.1,23.1,22.5,15.9,21.4,32,21.6,32.4,16.2,25.2,29.2,33.8,26.6,31,16.6,25.2,28.8,27.4,25.6,24.5,37.4,23.4,31,41.8,45,48.2,23,26.3,27,31.7,45.7,22.3,26.3,27.4,18.7,24.8,,,,,,22.2204,114.2127
2026-10-05T23:00,23.2,24.1,22.7,23.3,25.1,23.5,22.9,22.3,21.8,23.3,22.7,23.2,23.2,22.5,24.2,23.3,23.9,24.2,23.1,25.9,22.9,23.3,22,24.1,22.9,24.5,22.9,23.2,22.9,22.9,23.4,25.2,21.8,22.6,24.3,22.4,22.5,26.9,24.3,23.6,62,66,64,67,67,67,46,57,65,69,74,53,63,64,54,40,67,65,69,67,67,63,45,68,67,71,65,68,69,67,72,65,61,71,54,68,51,81,59,60,0,0,0,0,0,0,0,0,0,0,0,0,0,0,0,0,0,0,0,0,0,0,0,0,0,0,0,0,0,0,0,0,0,0,0,0,0,0,0,0,13.4,16.8,19.9,14.8,15.3,17.3,16,22.6,22.9,17.6,16.5,12.8,15.4,14.2,11.5,8.3,9.7,19,14,7.6,14.5,13.4,13,13.1,13.7,9.8,9.7,17,17.2,18.6,16.4,18.8,13,17.1,12.7,21.5,10.4,1.4,15.8,15.7,,,,,,,,,,,,,,,,,,,,,,,,,,,,,,,,,,,,,,,,,25.3,25.9,25.9,24.5,27.4,26,26.1,26.9,25.4,26.1,23.6,25.5,25.9,25.5,25.5,25.9,25.4,25.3,25.7,25.2,25.7,26.2,26.9,27,24.6,26.3,26.3,25.2,25.7,27.1,24.1,67,70,66,70,68,68,66,66,67,74,76,69,68,60,70,63,68,58,60,86,66,70,70,69,66,63,78,63,69,70,80,0,0,0,0.2,0.4,0,0,0.1,0,0,0.2,0,0,0,0.1,0,0,0,0,1.1,0,0,0,0.2,0,0,2.1,0.1,0,0.3,0.3,24.9,18.7,25.1,14.2,20.8,23.2,27.1,25,25.1,13.2,19.4,24.4,23.7,20.7,21.1,30.2,18.9,25.8,31.6,40,36.9,19.2,22.4,22.2,26.2,35.4,20.3,23.4,21.5,15.8,22,28.8,20.2,28.1,15.5,23.8,27,32,28.8,28.4,14.8,22.7,28.8,27.4,23,22.7,35.3,21.2,29.5,38.5,46.4,46.8,21.6,25.2,27,29.9,44.3,22.3,27,24.8,17.3,24.5,,,,,,22.2204,114.2127
2026-10-06T00:00,23,23.9,22.4,23.1,24.8,23.4,22.4,22.1,21.7,23,22.7,22.9,23.1,22.3,24,22.9,23.7,23.7,23,25.7,22.8,23.2,21.8,23.9,22.7,24.4,22.9,23,22.8,22.7,23.2,24.7,21.7,22.4,23.9,22.2,22.4,26.6,24.1,23.3,61,65,63,66,68,66,46,57,63,69,73,51,62,63,54,41,66,64,68,66,67,63,44,68,66,71,64,68,69,66,72,65,61,70,54,66,50,80,58,60,0,0,0,0,0,0,0,0,0,0,0,0,0,0,0,0,0,0,0,0,0,0,0,0,0,0,0,0,0,0,0,0,0,0,0,0,0,0,0,0,13,15.6,19.1,13.7,14.4,16.5,16.3,21.4,22.5,16.8,16,12.8,14.6,14.2,11.2,8.3,9.7,18.2,14,7.6,13.7,13,13,12.7,13,9.4,9.7,16.3,16,17.9,15.6,18.7,12.6,16.3,12.6,21.1,10.4,1.6,14.6,15.4,,,,,,,,,,,,,,,,,,,,,,,,,,,,,,,,,,,,,,,,,25.2,25.5,25.7,24.4,27.2,25.8,25.6,26.6,25,25.9,23.7,25.1,25.2,25.1,25.2,25.5,25.1,24.8,25.2,24.9,25.4,26.1,26.5,26.6,24.4,26,26,25,25.5,26.8,24,65,70,66,72,67,68,66,66,67,75,75,67,70,60,70,63,69,55,60,86,66,69,71,70,65,63,78,61,69,69,82,0,0,0,0.1,0,0,0,0,0,0.1,0.2,0,0.3,0,0,0,0,0,0,0.4,0,0,0.3,0.1,0,0,0.5,0.1,0,0.1,1.1,22.9,18.4,22.4,15,19.5,21.1,26.4,23.7,24,13.2,17.8,22.9,23.1,19.3,20.3,27.9,17.6,24.6,29.4,40.8,34.2,17.7,20.5,23,25.6,32.4,20,25.2,20.3,15.9,23.8,25.9,19.8,25.6,16.6,22.3,24.1,31.3,26.6,26.6,14.8,20.9,27,26.6,20.9,21.6,32,19.8,28.1,35.3,47.5,43.2,19.8,23,27.7,29.2,40.3,22,29.5,22.7,16.9,26.3,,,,,,22.2204,114.2127
2026-10-06T01:00,22.8,23.6,22.1,22.9,24.4,23.4,21.9,21.9,21.5,22.8,22.6,22.6,23.1,22.2,23.7,22.5,23.5,23.3,22.8,25.4,22.7,23.1,21.5,23.6,22.6,24.2,22.8,22.7,22.6,22.4,23,24.3,21.7,22.1,23.4,21.9,22.2,26.3,23.9,23,60,64,61,66,69,66,46,56,62,69,73,50,61,62,53,41,65,64,67,65,66,62,43,68,65,71,63,68,69,65,72,65,61,69,53,64,50,78,57,60,0,0,0,0,0,0,0,0,0,0,0,0,0,0,0,0,0,0,0,0,0,0,0,0,0,0,0,0,0,0,0,0,0,0,0,0,0,0,0,0,12.6,14.5,18.7,13,13.6,15.7,16.7,19.9,22.1,15.6,15.3,12.4,14.2,14.2,10.8,8.3,9.4,17.4,14,7.9,13,12.6,13,12.3,12.2,8.7,9.7,15.5,14.8,17.1,15.2,18.9,11.9,15.9,12.5,20.4,10.4,2.3,13.8,15.3,,,,,,,,,,,,,,,,,,,,,,,,,,,,,,,,,,,,,,,,,25.1,25.2,25.6,24.3,27,25.6,25.2,26.4,24.8,25.6,23.8,24.9,24.6,24.8,24.9,25.2,25,24.5,24.8,24.7,25.2,26,26.2,26.1,24.3,25.8,25.7,24.7,25.3,26.4,24,62,69,65,74,66,69,66,67,67,76,74,65,73,60,71,62,69,53,60,86,66,69,71,71,64,64,78,58,69,68,85,0,0,0,0.1,0,0,0,0,0,0.1,0.2,0,0.3,0,0,0,0,0,0,0.4,0,0,0.3,0.1,0,0,0.5,0.1,0,0.1,1.1,21.3,18.2,20.4,16.8,18.4,18.6,26.1,20.3,22.6,14.7,16.6,20.6,22.2,18.2,19.3,25.3,16.3,23.4,27,41.3,30.8,16,18.2,24.2,25.4,29,19.3,27.4,18.5,15.8,25.9,23,19.8,24.1,18.4,20.5,20.9,30.6,22.7,25.2,15.5,19.1,23.8,25.6,19.1,20.9,28.4,18.7,25.9,31.3,48.2,38.5,18,20.2,29.2,28.8,34.6,21.2,33.1,20.9,16.6,28.4,,,,,,22.2204,114.2127
2026-10-06T02:00,22.5,23.4,21.8,22.7,24.1,23.3,21.4,21.7,21.3,22.6,22.5,22.3,23,22,23.5,22.1,23.3,22.8,22.6,25.1,22.6,23,21.3,23.3,22.4,24.1,22.8,22.5,22.5,22.1,22.7,23.8,21.6,21.9,23,21.7,22,25.9,23.7,22.6,59,63,59,65,69,65,47,56,61,69,73,48,59,61,52,42,65,64,67,63,66,62,43,67,64,71,61,69,69,64,73,66,61,68,53,62,49,77,55,59,0,0,0,0,0,0,0,0,0,0,0,0,0,0,0,0,0,0,0,0,0,0,0,0,0,0,0,0,0,0,0,0,0,0,0,0,0,0,0,0,11.9,13.3,17.9,12.2,12.4,14.6,17.3,18.8,21.8,14.5,14.5,12.3,13.4,13.8,10.5,8.4,9.4,16.6,14.1,7.9,12.2,12.3,13,12.3,11.2,8.3,9.7,14.8,13.4,15.9,14.5,18.5,11.5,15.2,12.4,20,10.8,2.7,12.7,14.9,,,,,,,,,,,,,,,,,,,,,,,,,,,,,,,,,,,,,,,,,25,24.9,25.6,24.2,26.9,25.5,24.9,26.2,24.5,25.4,24,24.8,24.1,24.6,24.6,24.9,24.8,24.2,24.6,24.5,24.9,25.9,26,25.8,24.1,25.6,25.5,24.5,25.2,26.1,24,59,68,65,77,66,69,66,67,67,76,73,63,75,60,71,62,69,51,60,85,66,68,71,71,62,64,77,56,69,68,86,0,0,0,0.1,0,0,0,0,0,0.1,0.2,0,0.3,0,0,0,0,0,0,0.4,0,0,0.3,0.1,0,0,0.5,0.1,0,0.1,1.1,19.7,18.6,18.9,19.5,17.4,17.2,25.8,17.6,22,15.8,15.6,19.1,21.3,17,18.4,22.7,15.3,22.3,24.9,40.9,28.1,14.8,16.5,25,25.3,25.8,18.8,28.8,16.9,15.6,26.9,21.2,19.8,22.7,20.5,19.8,18.7,29.9,19.4,24.1,16.6,18,21.2,24.1,17.6,20.2,24.8,17.6,24.1,28.4,48.2,34.2,16.9,18,29.9,28.8,30.2,20.2,35.6,19.1,16.6,29.9,,,,,,22.2204,114.2127
2026-10-06T03:00,22.3,23.1,21.4,22.4,23.8,23.3,20.9,21.5,21.2,22.3,22.4,22,22.9,21.8,23.2,21.7,23.1,22.4,22.4,24.8,22.6,22.9,21,23,22.3,24,22.8,22.3,22.4,21.8,22.5,23.3,21.5,21.7,22.5,21.5,21.9,25.6,23.4,22.3,58,62,58,65,70,65,48,56,59,69,73,47,58,60,52,44,64,64,66,62,65,62,43,67,63,72,60,69,68,63,73,67,60,66,53,60,49,76,54,59,0,0,0,0,0,0,0,0,0,0,0,0,0,0,0,0,0,0,0,0,0,0,0,0,0,0,0,0,0,0,0,0,0,0,0,0,0,0,0,0,11.5,12.2,17.5,11.2,11.2,13.8,17.7,17.3,21.1,13.7,13.8,11.9,12.6,13.8,9.8,8.4,9,15.9,14.1,8.3,11.5,11.5,13,11.9,10.5,7.6,10.1,14.1,11.9,15.2,13.7,18.4,10.8,14.4,12.4,19.3,10.8,3.8,11.9,14.5,,,,,,,,,,,,,,,,,,,,,,,,,,,,,,,,,,,,,,,,,24.8,24.7,25.4,24.1,26.7,25.3,24.6,26,24.1,25.2,24.1,24.6,23.9,24.4,24.3,24.7,24.7,24,24.4,24.4,24.7,25.6,25.8,25.5,24,25.4,25.4,24.3,25.1,25.8,24,57,67,65,79,66,69,66,66,67,76,71,62,75,59,71,62,68,50,60,84,66,67,70,70,60,64,76,55,69,69,85,0,0,0,0.3,0,0,0,0,0,0,0,0,0.1,0,0,0,0,0,0,0.1,0,0,0.3,0.3,0,0,0.1,0.1,0,0,0.2,19,18.6,18.1,21.6,17.7,16.6,25.1,16.8,21.8,16.3,15.5,18.4,20.2,15.6,17.6,20.3,14.5,20.6,23.5,40.5,26.3,15.2,14.9,25,25,24.4,17.4,28.5,15.5,15.6,26.3,20.5,19.8,21.6,22.7,20.2,18,28.8,19.1,24.1,17.3,17.6,20.2,22.7,16.6,19.4,22.3,16.2,22,26.6,47.2,31.7,16.9,16.9,29.9,28.8,28.1,19.1,35.3,17.6,16.6,29.2,,,,,,22.2204,114.2127
2026-10-06T04:00,22.1,22.9,21.2,22.2,23.4,23.2,20.4,21.4,21,22.1,22.3,21.8,22.9,21.7,22.9,21.3,23,21.9,22.2,24.5,22.5,22.8,20.8,22.7,22.2,23.9,22.7,22.1,22.3,21.5,22.2,22.9,21.5,21.5,22.1,21.3,21.7,25.2,23.2,22,57,60,56,64,70,64,48,55,58,68,73,46,57,59,51,45,63,63,65,61,64,61,42,67,62,72,59,69,68,61,73,67,61,66,53,58,48,74,53,59,0,0,0,0,0,0,0,0,0,0,0,0,0,0,0,0,0,0,0,0,0,0,0,0,0,0,0,0,0,0,0,0,0,0,0,0,0,0,0,0,10.8,10.8,16.8,10.5,10.4,13.1,17.9,15.8,20.7,12.6,13,11.9,11.9,13.8,9.5,8.5,8.7,15.1,14.1,8.6,10.5,11.2,13.3,11.5,9.5,6.8,10.1,13,10.4,14.1,13,17.9,10.1,13.7,12.3,18.9,10.8,4.5,10.8,14.5,,,,,,,,,,,,,,,,,,,,,,,,,,,,,,,,,,,,,,,,,24.6,24.6,25.1,24.1,26.4,25.1,24.4,25.8,23.8,25.1,24.2,24.5,24,24.2,24.1,24.5,24.5,24,24.2,24.4,24.5,25.4,25.7,25.3,23.8,25.2,25.3,24.1,25.1,25.6,24,55,67,64,80,67,69,66,65,67,75,69,62,74,57,70,61,67,51,60,83,66,67,68,69,58,65,74,55,69,70,82,0,0,0,0.3,0,0,0,0,0,0,0,0,0.1,0,0,0,0,0,0,0.1,0,0,0.3,0.3,0,0,0.1,0.1,0,0,0.2,18.8,18.4,17.9,23.5,18.8,16.9,24.3,17.3,22.2,16.4,15.5,18,18.7,14.7,17.1,18.4,13.6,19,22.7,39.4,25.3,16,13.8,24.7,24.3,23.7,16.4,27.8,14.9,15.8,24.6,20.9,20.2,20.9,25.2,21.6,18.4,27.7,19.8,24.5,18.4,17.6,19.8,20.9,15.8,18.4,19.8,15.1,19.8,25.9,45.4,29.5,17.6,16.2,29.5,29.2,27.4,17.6,33.5,16.6,16.6,27.4,,,,,,22.2204,114.2127
2026-10-06T05:00,22,22.7,20.9,22,23.2,23.2,19.9,21.2,20.9,21.9,22.3,21.5,22.8,21.5,22.7,20.9,22.8,21.6,22,24.3,22.4,22.8,20.6,22.4,22.1,23.8,22.7,21.9,22.3,21.3,22,22.5,21.4,21.3,21.7,21.2,21.6,24.9,23,21.7,56,60,55,64,71,64,49,55,57,68,73,45,56,58,51,46,62,63,64,60,64,61,42,67,62,72,58,70,68,60,73,68,61,65,53,56,48,73,52,59,0,0,0,0,0,0,0,0,0,0,0,0,0,0,0,0,0,0,0,0,0,0,0,0,0,0,0,0,0,0,0,0,0,0,0,0,0,0,0,0,10.5,9.8,16,9.5,9.4,12.3,17.9,14.8,20,11.5,12.2,11.5,11.2,13.7,9.2,8.5,8.7,14,13.7,8.6,9.8,10.8,13,11.2,8.8,6.2,10.1,12.3,9.4,13.3,12.6,17.5,9.8,13.3,12.3,18.2,10.8,5.4,10.1,14.1,,,,,,,,,,,,,,,,,,,,,,,,,,,,,,,,,,,,,,,,,24.4,24.5,24.9,24,26.3,25,24.3,25.7,23.6,25,24.3,24.4,24.1,24.1,24,24.4,24.4,23.7,24.2,24.3,24.4,25.2,25.6,25.2,23.7,25,25.2,24,25,25.4,24,54,66,64,81,67,69,66,64,67,74,68,62,72,55,69,61,66,52,59,82,66,67,66,68,56,65,74,54,69,70,80,0,0,0,0.3,0,0,0,0,0,0,0,0,0.1,0,0,0,0,0,0,0.1,0,0,0.3,0.3,0,0,0.1,0.1,0,0,0.2,19.2,18.3,18.4,25.1,19.5,16.9,23.2,17.6,22.3,16.8,15.7,18,17.7,14.4,16.8,16.8,13.3,18.4,22.2,37.5,24.2,16.5,13.7,24.1,23.7,23.2,15.9,27.4,14.2,15.9,23.3,21.2,20.2,20.5,27.4,22.3,18.7,26.3,20.2,24.8,19.4,17.6,19.8,19.8,15.5,18,18.4,14,19.4,25.2,42.5,28.1,18.4,16.2,28.4,28.4,26.6,17.6,32.4,16.2,16.9,25.6,,,,,,22.2204,114.2127
2026-10-06T06:00,21.9,22.5,20.7,21.9,22.9,23.1,19.6,21.1,20.9,21.8,22.2,21.4,22.8,21.4,22.6,20.7,22.7,21.3,21.9,24.1,22.4,22.7,20.5,22.2,22,23.7,22.7,21.8,22.2,21.1,21.9,22.2,21.4,21.2,21.4,21,21.6,24.7,22.9,21.5,55,59,54,64,72,63,50,55,56,68,73,44,56,58,51,47,62,63,64,59,64,61,42,67,61,72,57,70,68,59,73,69,61,64,53,55,48,72,52,58,0,0,0,0,0,0,0,0,0,0,0,0,0,0,0,0,0,0,0,0,0,0,0,0,0,0,0,0,0,0,0,0,0,0,0,0,0,0,0,0,10.1,8.8,15.2,8.8,8.8,11.6,18.2,13.4,19.2,10.4,11.5,11.2,10.4,13.4,8.9,8.6,8.4,13.3,13.7,8.7,9.2,10.4,13,10.8,8.2,5.9,10.1,11.5,8.4,12.6,11.9,17.1,9.1,12.6,11.9,17.5,10.8,6.2,9.4,13.7,,,,,,,,,,,,,,,,,,,,,,,,,,,,,,,,,,,,,,,,,24.3,24.4,24.7,23.9,26.1,24.9,24.1,25.5,23.4,25,24.3,24.1,24.2,24,24,24.3,24.3,23.1,24.1,24.3,24.3,25.1,25.5,25,23.6,24.9,25.1,24,24.8,25.3,23.9,54,65,63,81,67,69,65,64,65,74,67,62,70,54,69,61,66,55,58,81,66,68,65,66,54,64,76,53,70,69,79,0,0,0,0.1,0,0,0,0,0,0,0,0,0,0,0,0,0,0.1,0,0,0,0,0.1,0,0,0,0.1,0,0.4,0,0.1,20.2,18.1,19,26.4,19.5,16.6,22,18,22.2,17.2,15.4,18.4,17.8,14.1,16.6,16,12.9,20.4,21.8,34.2,23.1,16.9,15,22.8,22.5,22.7,17.5,27.1,14.4,16.3,22.2,22.3,20.2,20.9,28.8,22.3,18.4,25.2,20.2,24.8,20.5,16.9,20.5,19.8,15.1,18.4,17.6,13.7,22.3,24.5,38.5,26.6,18.7,17.3,26.6,26.3,26.3,19.8,32.4,16.2,17.3,24.1,,,,,,22.2204,114.2127
2026-10-06T07:00,21.8,22.4,20.5,21.8,22.8,23.1,19.3,21.1,20.8,21.7,22.2,21.2,22.8,21.4,22.5,20.5,22.6,21.1,21.8,23.9,22.4,22.7,20.4,22.1,22,23.7,22.7,21.7,22.1,21,21.7,22,21.4,21.1,21.2,21,21.5,24.5,22.8,21.3,55,58,53,63,72,63,50,55,55,68,72,43,55,57,51,49,61,63,63,59,63,61,43,66,60,72,56,70,67,59,72,69,61,63,54,54,48,71,51,58,0,0,0,0,0,0,0,0,0,0,0,0,0,0,0,0,0,0,0,0,0,0,0,0,0,0,0,0,0,0,0,0,0,0,0,0,0,0,0,0,9.4,8.1,14.8,8.2,8.1,10.9,18.2,12.3,18.9,9.7,10.8,10.8,9.7,13.3,8.7,8.2,8.4,12.6,13.7,8.7,8.6,10.1,13,10.5,7.6,5.2,10.1,10.8,7.4,11.9,11.5,16.7,8.8,11.9,11.9,17.1,10.8,6.8,8.7,13.3,,,,,,,,,,,,,,,,,,,,,,,,,,,,,,,,,,,,,,,,,24.2,24.4,24.6,23.8,26.1,25,24,25.3,23.4,25.1,24.2,23.9,24.3,23.9,24,24.3,24.3,22.3,24.1,24.2,24.2,25,25.4,24.9,23.7,24.9,24.9,24.1,24.6,25.2,23.8,54,65,63,79,66,69,64,64,63,75,67,62,68,52,69,60,65,60,57,80,65,69,65,64,52,63,78,52,71,67,77,0,0,0,0.1,0,0,0,0,0,0,0,0,0,0,0,0,0,0.1,0,0,0,0,0.1,0,0,0,0.1,0,0.4,0,0.1,21.5,17.4,19.7,27.7,19,15.9,21.3,18.1,22.1,18.2,15.1,19.2,18.8,14.5,16.1,16,12.9,23.4,21.6,30,22.3,17.5,17.3,21.1,20.8,22.5,20.4,27.2,14.7,16.7,20.9,23.8,19.8,22,29.9,21.6,18,23.8,19.8,24.8,21.2,16.2,21.6,20.5,15.1,19.1,17.3,13.3,27,24.1,33.8,25.6,19.4,19.1,24.5,23.4,26.3,23.4,33.1,16.9,18,22.3,,,,,,22.2204,114.2127
2026-10-06T08:00,21.8,22.3,20.5,21.8,22.7,23.1,19.2,21.1,20.9,21.6,22.2,21.2,22.8,21.4,22.5,20.4,22.6,21,21.8,23.8,22.4,22.7,20.3,22,22,23.7,22.7,21.7,22.1,20.9,21.7,22,21.4,21.1,21.1,21,21.6,24.4,22.8,21.3,54,58,52,63,72,63,51,55,54,68,72,43,55,57,51,50,61,63,63,59,63,61,43,66,60,72,56,70,67,58,72,69,61,63,54,53,48,70,51,58,0,0,0,0,0,0,0,0,0,0,0,0,0,0,0,0,0,0,0,0,0,0,0,0,0,0,0,0,0,0,0,0,0,0,0,0,0,0,0,0,9.1,7.5,14.1,8,7.5,10.5,17.8,11.7,18.2,9.1,10.4,10.5,9.4,13,8.3,7.9,8,12,13.3,8.7,8.3,9.7,12.6,10.1,7,4.8,9.7,10.1,6.8,11.2,11.2,16.3,8.5,11.6,11.5,16.3,10.4,7.2,8,13,,,,,,,,,,,,,,,,,,,,,,,,,,,,,,,,,,,,,,,,,24.2,24.5,24.7,23.8,26.1,25.1,24.1,25.4,23.5,25.3,24.3,23.8,24.3,23.9,24.1,24.4,24.3,21.7,24.3,24.2,24.4,25.1,25.3,25,23.8,25.1,24.8,24.4,24.5,25.3,23.7,54,64,62,78,65,68,62,64,61,75,67,60,66,52,68,60,65,64,56,79,64,69,65,63,51,62,80,51,71,66,76,0,0,0,0.1,0,0,0,0,0,0,0,0,0,0,0,0,0,0.1,0,0,0,0,0.1,0,0,0,0.1,0,0.4,0,0.1,22.3,17.3,20,27.8,18.3,15.3,19.9,17.9,22.1,18.8,14.7,19.5,19.6,15.1,16.1,15.8,13,26.1,20.8,26.5,21.5,18.2,19.2,19.8,19.4,21.9,22.8,27.4,15.5,17.2,19.9,24.5,19.4,22.3,29.5,20.5,17.6,22.3,19.4,24.8,22,16.2,22,21.2,14.8,19.4,17.3,13,30.6,23,29.5,24.5,19.8,20.2,22.7,20.9,25.6,26.3,33.8,17.6,18.7,21.2,,,,,,22.2204,114.2127
2026-10-06T09:00,21.8,22.3,20.5,21.9,22.8,23.1,19.3,21.2,21,21.6,22.2,21.3,22.8,21.4,22.6,20.5,22.7,21.1,21.8,23.8,22.4,22.7,20.4,22,22.1,23.8,22.7,21.7,22.1,21,21.7,22.1,21.4,21.2,21.2,21.1,21.7,24.4,22.9,21.3,53,58,52,63,72,63,52,55,53,68,72,43,55,57,51,51,61,63,63,59,63,61,44,66,60,72,56,70,67,58,71,69,61,63,55,53,48,69,51,58,0,0,0,0,0,0,0,0,0,0,0,0,0,0,0,0,0,0,0,0,0,0,0,0,0,0,0,0,0,0,0,0,0,0,0,0,0,0,0,0,8.7,6.8,13.3,7.6,7.2,10.1,17.4,11,17.5,8.7,10.1,10.1,9.1,12.6,8,7.5,7.6,11.3,13,8.3,8,9.4,12.2,9.7,6.6,4.5,9.4,9.4,6.5,10.5,10.8,15.5,8.1,11.2,11.2,15.6,10.1,7.6,7.3,12.6,,,,,,,,,,,,,,,,,,,,,,,,,,,,,,,,,,,,,,,,,24.4,24.8,25,23.7,26.5,25.6,24.5,25.8,24,25.5,24.4,24.1,24.3,23.8,24.4,24.7,24.4,21.3,24.8,24.3,24.8,25.4,25.1,25.2,24,25.5,24.8,24.7,24.5,25.5,23.7,53,64,61,77,63,66,60,63,59,74,67,56,65,53,67,60,64,66,54,77,62,68,65,62,50,60,80,50,71,66,74,0,0,0,0,0,0,0,0,0,0,0,0,0,0,0,0,0,0.1,0,0,0,0,0,0,0,0,0,0,0.1,0,0,21.7,17.1,19.5,26.1,17.3,14.4,18.4,16.8,22,19,14.7,18.4,19.8,15.3,15.4,15.6,12.2,27.9,19.5,23.7,20.8,18,19.6,19.7,17.9,20.8,23.3,28.9,16.5,17.6,18.8,24.1,18.7,22,27.4,19.1,16.9,20.5,18,24.5,22,17.3,20.9,21.6,14.4,19.1,16.9,11.5,32.4,20.9,25.9,23.8,20.5,20.5,22.3,18.7,23.8,27.4,34.9,19.1,19.4,20.5,,,,,,22.2204,114.2127
2026-10-06T10:00,22,22.4,20.6,22,22.9,23.1,19.4,21.4,21.2,21.7,22.3,21.5,22.8,21.6,22.7,20.6,22.8,21.3,21.9,23.9,22.5,22.7,20.5,22,22.2,24,22.8,21.9,22.1,21.1,21.8,22.3,21.5,21.3,21.3,21.2,21.9,24.4,23.1,21.5,53,58,51,63,72,63,52,55,53,68,71,43,55,58,52,53,61,63,63,60,63,62,45,65,60,72,56,70,66,57,71,69,62,63,55,52,49,69,52,58,0,0,0,0,0,0,0,0,0,0,0,0,0,0,0,0,0,0,0,0,0,0,0,0,0,0,0,0,0,0,0,0,0,0,0,0,0,0,0,0,8,6.5,12.6,7.4,7,9.7,16.7,10.3,16.8,8,9.7,9.5,8.4,11.9,7.3,6.7,7.6,10.6,12.6,7.9,7.8,9.1,11.5,9.4,6.3,4,9,9,6.3,10.1,10.8,15.2,7.8,10.5,10.4,14.9,9.7,7.9,7,12.2,,,,,,,,,,,,,,,,,,,,,,,,,,,,,,,,,,,,,,,,,24.6,25.3,25.5,23.7,27,26.1,25.1,26.4,24.8,25.7,24.6,24.6,24.2,23.8,24.9,25,24.6,21.1,25.4,24.4,25.5,25.8,25,25.6,24.3,26,24.9,25.1,24.5,25.9,23.7,52,63,59,75,62,64,58,61,57,73,67,50,63,54,65,60,64,68,52,75,60,67,66,62,50,57,79,49,70,66,71,0,0,0,0,0,0,0,0,0,0,0,0,0,0,0,0,0,0.1,0,0,0,0,0,0,0,0,0,0,0.1,0,0,20.7,16.5,19.3,22.9,16.1,12.9,17.3,15.2,21.5,19.2,15.1,17.2,20.2,15.1,14.8,16,10.9,28.9,17.7,21.6,20.6,17.7,19.2,20.2,16.6,19.7,23,30.4,18.2,18.2,18,23,17.6,21.2,24.1,17.3,15.8,18.4,16.6,24.1,21.6,18.7,19.1,22,13.7,18,16.9,10.1,33.5,18.4,23,22.7,20.9,20.2,23,16.6,21.6,27.4,36.4,20.9,20.5,19.8,,,,,,22.2204,114.2127
2026-10-06T11:00,22.2,22.5,20.8,22.2,23.1,23.1,19.7,21.6,21.4,21.8,22.3,21.8,22.9,21.8,23,20.9,23,21.6,22.1,24,22.6,22.8,20.7,22.1,22.4,24.2,22.8,22,22.1,21.2,21.9,22.7,21.6,21.5,21.6,21.5,22.1,24.5,23.3,21.7,53,59,52,62,72,63,53,55,53,68,71,44,56,58,53,54,61,63,63,61,63,62,46,65,60,72,56,70,66,57,70,69,62,63,56,53,50,69,52,58,0,0,0,0,0,0,0,0,0,0,0,0,0,0,0,0,0,0,0,0,0,0,0,0,0,0,0,0,0,0,0,0,0,0,0,0,0,0,0,0,7.6,6.2,12.2,7.1,6.6,9,15.9,10,15.7,7.6,9.4,8.8,8,11.5,7,5.9,7.3,9.9,12.3,7.6,7.4,8.7,11.2,8.7,6,3.6,8.6,8.3,5.8,9.5,10.4,14.1,7.8,10.1,10.1,13.8,9,7.9,6.6,11.5,,,,,,,,,,,,,,,,,,,,,,,,,,,,,,,,,,,,,,,,,24.8,25.7,25.8,23.8,27.3,26.5,25.6,26.8,25.4,26,24.8,25.2,24.2,23.9,25.2,25.3,24.7,21.1,26,24.5,26.1,26.2,24.9,26,24.6,26.4,25,25.6,24.6,26.2,23.9,51,63,59,73,61,63,57,60,56,72,67,47,62,55,64,61,63,68,51,74,59,66,66,62,50,56,78,48,69,67,69,0,0,0,0,0,0,0,0,0,0,0,0,0,0,0,0,0,0.1,0,0,0,0,0,0,0,0,0,0,0.1,0,0,19.7,16.4,19.4,20,15,12,16.5,13.9,21.4,19.3,15.5,15.8,20.5,14.6,14.4,16.3,9.9,29.6,15.8,19.8,19.9,17.7,18.5,20.4,15.8,18.5,22.2,32.1,18.9,19.1,17.6,22,16.9,20.5,20.9,15.8,15.1,16.9,15.5,23.8,21.6,20.5,18,23,13.3,17.6,16.9,9,34.2,16.6,20.5,22,21.6,19.8,23,15.1,19.8,27.4,37.8,21.6,21.2,19.4,,,,,,22.2204,114.2127
2026-10-06T12:00,22.4,22.7,21,22.5,23.3,23.1,20,21.9,21.8,22,22.5,22.1,22.9,22,23.3,21.2,23.2,22,22.3,24.2,22.8,22.9,20.9,22.2,22.6,24.4,22.9,22.3,22.1,21.5,22,23.1,21.7,21.7,21.9,21.7,22.4,24.7,23.6,22,52,60,52,62,71,63,53,55,52,68,70,45,57,59,54,56,61,63,63,62,63,63,47,65,60,72,57,70,65,57,69,68,62,63,57,53,51,69,53,58,0,0,0,0,0,0,0,0,0,0,0,0,0,0,0,0,0,0,0,0,0,0,0,0,0,0,0,0,0,0,0,0,0,0,0,0,0,0,0,0,7.2,5.8,11.5,7.1,6.2,8.6,14.8,9.2,14.6,7.3,9.1,8,7.7,10.8,6.5,4.8,6.9,9.1,11.5,6.8,7.4,8.4,10.4,8.3,5.6,3.2,8,7.9,5.5,9.1,10.4,13.4,7.4,9.8,9.4,13,8.6,7.9,5.9,11.2,,,,,,,,,,,,,,,,,,,,,,,,,,,,,,,,,,,,,,,,,25.2,25.9,25.9,24.2,27.5,26.6,25.9,27,25.8,26.2,25,25.9,24.4,24.1,25.4,25.5,24.8,21.5,26.2,24.5,26.6,26.3,25,26.3,24.8,26.6,25.1,26,24.7,26.1,24.1,51,63,60,69,62,64,57,61,57,72,68,47,60,56,64,62,62,66,52,73,59,66,66,62,50,57,78,47,68,69,68,0,0,0,0,0,0,0,0,0,0,0,0,0,0,0,0,0,0,0,0,0,0,0,0,0,0,0.1,0,0.1,0,0,19,16.6,19.3,16.6,14,11.8,16.6,14,21.6,19.4,16.4,15.7,22,13.8,15.3,16.4,9.7,29.4,14.5,18.5,19.3,18.6,17.8,20.1,15.5,18,22.1,32.7,18.6,19.2,18,20.9,16.6,20.2,18,15.8,14.8,16.9,15.8,23.4,21.6,22.3,18,25.2,13.3,18.4,17.3,8.6,34.9,15.5,18.7,20.9,22.3,19.1,22.3,14.8,19.4,27,38.5,20.9,21.6,19.4,,,,,,22.2204,114.2127
2026-10-06T13:00,22.6,22.9,21.2,22.8,23.6,23.1,20.4,22.2,22.1,22.1,22.6,22.4,23,22.2,23.6,21.5,23.4,22.4,22.5,24.4,22.9,23,21.2,22.4,22.8,24.7,23,22.5,22.1,21.7,22.2,23.7,21.8,22,22.3,22.1,22.7,24.9,23.9,22.3,52,61,52,62,71,63,54,56,52,68,69,46,58,60,55,58,62,64,64,64,63,64,49,64,60,71,57,69,65,57,68,68,63,64,59,53,53,68,54,58,0,0,0,0,0,0,0,0,0,0,0,0,0,0,0,0,0,0,0,0,0,0,0,0,0,0,0,0,0,0,0,0,0,0,0,0,0,0,0,0,6.5,5.8,10.4,6.8,5.8,8.6,13.7,8.8,13.6,6.9,8.7,7.3,7.3,10.1,5.8,4,6.5,8.4,11.2,6.5,7,8,9.7,8,5.2,3,7.2,7.2,5.5,8.5,10.4,12.3,7,9,8.7,11.9,7.9,8.3,5.6,10.5,,,,,,,,,,,,,,,,,,,,,,,,,,,,,,,,,,,,,,,,,25.5,26,25.9,24.8,27.5,26.6,26.3,27.1,26.2,26.4,25.3,26.7,24.6,24.4,25.6,25.6,24.8,22.1,26.4,24.5,27,26.4,25.1,26.6,25,26.6,25.1,26.5,24.9,26,24.4,52,63,62,65,64,65,59,62,59,72,68,49,59,56,65,63,61,62,54,73,60,67,65,62,51,58,78,46,68,71,68,0,0,0,0,0,0,0,0,0,0,0,0,0,0,0,0,0,0,0,0,0,0,0,0,0,0,0.1,0,0.1,0,0,18,16.4,19.7,12.9,14.3,12.2,17.3,14.9,21.7,19.8,18.4,16.5,23.8,13.6,16.8,16.8,9.7,28.8,14.3,17.7,18.7,20.7,17.1,19.2,15.6,18.1,22.1,33.2,17.5,19.3,18.7,19.4,16.6,20.2,15.5,16.2,14.8,18,16.6,22.7,22,23.8,18.4,28.1,13.7,19.4,18,9,35.3,15.1,17.3,19.8,23,18,20.9,15.1,19.8,26.6,39.2,19.4,22,19.4,,,,,,22.2204,114.2127
2026-10-06T14:00,22.9,23.1,21.5,23.1,23.9,23.1,20.9,22.5,22.5,22.3,22.7,22.8,23.1,22.5,24,21.9,23.6,22.9,22.7,24.6,23.1,23.1,21.5,22.5,23,25,23.1,22.8,22.2,22,22.4,24.2,21.9,22.2,22.8,22.4,23,25.1,24.2,22.7,52,62,53,62,70,63,55,56,52,68,69,47,59,61,57,59,62,64,64,65,63,64,50,64,61,71,58,69,64,57,67,67,63,64,60,54,54,68,55,58,0,0,0,0,0,0,0,0,0,0,0,0,0,0,0,0,0,0,0,0,0,0,0,0,0,0,0,0,0,0,0,0,0,0,0,0,0,0,0,0,6.1,5.4,10.1,6.6,5.4,8.3,12.6,8.5,12.5,6.5,8.4,6.6,7,9.4,5.4,2.9,6.2,7.7,10.4,5.8,7,7.6,9,7.2,4.8,2.7,6.9,6.8,5.4,8.1,10.4,11.2,7,8.7,8,11.2,7.2,8.3,5.2,9.8,,,,,,,,,,,,,,,,,,,,,,,,,,,,,,,,,,,,,,,,,25.8,26.1,25.9,25.2,27.4,26.5,26.5,27.2,26.4,26.6,25.5,27.3,24.7,24.7,25.7,25.7,24.9,22.7,26.4,24.5,27.3,26.4,25.2,26.8,25.2,26.6,25.2,26.8,24.9,25.9,24.7,53,63,64,62,66,67,60,64,60,72,69,51,58,57,66,64,61,58,56,73,60,68,65,62,52,59,78,45,68,72,68,0,0,0,0,0,0,0,0,0,0,0,0,0,0,0,0,0,0,0,0,0,0,0,0,0,0,0.1,0,0.1,0,0,17.1,16.3,20,10.6,14.8,12.9,17.8,15.9,22.4,20.8,19.6,17.4,24.6,13.2,17.6,16.7,9.4,28,15.3,17.3,18.1,21.8,16.2,19,15.1,17.2,21.9,33.7,16.7,19.2,19.4,18.4,16.6,20.2,13.7,16.2,14.8,18.4,17.3,23,22.3,24.8,18.7,29.9,13.7,19.8,18.4,9.4,35.3,15.1,16.2,18.7,23,17.3,20.2,15.5,19.8,25.6,40,18.4,22,19.4,,,,,,22.2204,114.2127
2026-10-06T15:00,23.2,23.3,21.7,23.4,24.2,23.1,21.3,22.8,22.8,22.5,22.8,23.2,23.1,22.8,24.3,22.3,23.9,23.4,22.9,24.8,23.2,23.2,21.8,22.7,23.3,25.3,23.1,23.1,22.2,22.3,22.6,24.8,22,22.5,23.2,22.7,23.3,25.3,24.6,23.1,51,63,53,62,70,64,56,56,52,68,68,49,60,62,58,61,62,64,64,67,64,65,52,63,61,71,58,69,63,57,66,67,64,65,61,55,55,68,57,58,0,0,0,0,0,0,0,0,0,0,0,0,0,0,0,0,0,0,0,0,0,0,0,0,0,0,0,0,0,0,0,0,0,0,0,0,0,0,0,0,5.4,5.2,9.4,6.6,5.4,7.9,11.5,8,11.4,6.2,8,5.9,6.6,8.6,4.7,2.3,5.8,6.9,10.1,5.2,6.6,7.3,8.3,6.8,4.7,2.8,6.2,6.5,5.4,7.8,10.1,10.1,6.6,8.3,7.4,10.1,6.5,8,4.8,9.5,,,,,,,,,,,,,,,,,,,,,,,,,,,,,,,,,,,,,,,,,26,26.2,25.9,25.3,27.4,26.5,26.7,27.4,26.4,26.6,25.7,27.5,24.8,24.9,25.8,26,24.9,23.1,26.4,24.5,27.5,26.5,25.2,26.9,25.3,26.7,25.2,26.9,24.8,26,24.8,54,63,66,60,67,68,61,65,60,73,70,53,58,58,66,64,61,55,57,73,60,68,64,63,53,59,78,44,69,72,68,0,0,0,0,0,0,0,0,0,0,0,0,0,0,0,0,0,0,0,0,0,0,0,0,0,0,0.1,0,0,0,0,15.6,14.8,20.5,10.4,13.7,12.9,16.9,16.2,23.7,22.2,20.3,17.8,24.8,13,16.6,15.9,8.9,26.9,15.6,16.4,16.4,21,15.6,19.1,13.7,15.3,21.1,33.8,17,19.4,19.3,17.3,15.8,20.5,13.7,14.8,14.8,18,17.6,24.8,23.4,24.5,18.7,29.9,13.7,18.7,17.6,9.4,34.2,15.8,15.8,17.6,22,16.6,20.2,15.1,18.4,24.1,40.7,18.7,22.3,19.8,,,,,,22.2204,114.2127
2026-10-06T16:00,23.5,23.5,22,23.6,24.5,23.1,21.8,23.1,23.1,22.7,22.9,23.5,23.2,23,24.7,22.7,24.1,23.8,23.1,25,23.4,23.3,22,22.9,23.5,25.5,23.2,23.4,22.2,22.6,22.8,25.3,22.2,22.8,23.6,23,23.6,25.5,24.9,23.4,51,64,54,62,69,64,56,57,52,68,67,50,61,63,59,63,63,64,65,68,64,66,53,63,61,71,59,69,63,57,65,66,64,65,62,55,57,69,58,58,0,0,0,0,0,0,0,0,0,0,0,0,0,0,0,0,0,0,0,0,0,0,0,0,0,0,0,0,0,0,0,0,0,0,0,0,0,0,0,0,5.1,4.9,8.6,6.3,4.9,7.6,10.4,7.6,10.7,5.8,8,5.2,6.3,7.9,4.2,1.8,5.8,6.2,9.7,4.6,6.5,7.3,7.6,6.5,4.3,3.1,5.9,5.8,5.2,7.1,10.1,9.1,6.6,7.6,6.7,9,6.1,8,4.8,9.2,,,,,,,,,,,,,,,,,,,,,,,,,,,,,,,,,,,,,,,,,26.2,26.2,25.9,25.3,27.3,26.4,26.9,27.5,26.4,26.6,25.8,27.6,24.7,25.1,25.9,26.2,25,23.6,26.4,24.4,27.7,26.5,25.2,27,25.3,26.9,25.2,26.9,24.5,26.2,24.9,56,63,67,60,68,69,61,66,60,74,70,55,59,60,65,63,61,52,58,73,60,69,63,63,55,58,78,43,70,72,69,0,0,0,0,0,0,0,0,0,0,0,0,0,0,0,0,0,0,0,0,0,0,0,0,0,0,0.1,0,0,0,0,14.6,12.8,20.8,12.1,11.8,12.8,16,15.6,25.6,23.4,20.3,17.6,24.7,12.3,15.1,15.1,9.2,25.8,15.1,15.5,14.2,18.8,15.6,18.7,12.8,13.5,19.8,33.5,17.8,19.7,19.1,15.8,14.8,20.9,14.8,13,15.1,17.3,18.4,27,25.2,23.8,19.1,29.2,13.3,17.3,16.9,9.7,32.8,16.9,15.5,16.9,20.5,15.8,20.9,14,16.6,22.3,41.4,19.8,22.7,20.2,,,,,,22.2204,114.2127
2026-10-06T17:00,23.7,23.7,22.2,23.9,24.8,23.1,22.2,23.4,23.4,22.9,23,23.9,23.3,23.2,25,23.1,24.3,24.3,23.3,25.1,23.6,23.4,22.3,23.1,23.8,25.8,23.3,23.6,22.3,22.8,23,25.8,22.3,23.1,24,23.3,23.9,25.7,25.2,23.7,51,65,54,62,69,64,57,57,52,68,67,51,62,64,60,64,63,65,65,70,64,67,55,62,62,71,60,69,63,57,64,66,65,66,63,56,58,69,59,58,0,0,0,0,0,0,0,0,0,0,0,0,0,0,0,0,0,0,0,0,0,0,0,0,0,0,0,0,0,0,0,0,0,0,0,0,0,0,0,0,4.7,4.8,7.9,6.3,4.8,7.6,9.7,7.3,9.6,5.4,7.7,4.7,5.9,7.2,3.8,1.9,5.4,5.8,9.4,4.3,6.5,6.9,6.8,5.8,4.2,3.1,5.2,5.4,5.2,6.8,10.1,8.4,6.6,7.2,6,8.3,5.4,8,4.5,8.5,,,,,,,,,,,,,,,,,,,,,,,,,,,,,,,,,,,,,,,,,26.2,26.3,25.9,25.2,27.2,26.4,27,27.7,26.2,26.5,25.9,27.5,24.6,25.2,26,26.4,25,24,26.4,24.4,27.8,26.6,25.2,27.1,25.4,27,25.3,26.8,24.3,26.4,25,57,63,69,60,69,70,62,67,60,75,71,56,60,61,65,63,62,50,59,73,60,69,63,65,56,57,78,43,70,72,69,0,0,0,0,0,0,0,0,0,0,0,0,0,0,0,0,0,0,0,0,0,0,0,0,0,0,0.1,0,0,0,0,14,11.6,21.5,13.7,10.6,12.7,15.4,15.7,26.2,24.3,20.5,18.1,23.7,12.3,14.1,14.1,10.5,24.8,15.1,15.3,13.4,16.9,15.5,19.1,12.3,12.2,18.8,34,18.2,19.8,18.4,15.1,14.4,22,15.5,11.9,15.1,16.9,18.7,28.1,25.9,22.7,19.4,27.4,13.3,16.2,15.8,10.1,32,17.6,15.8,16.9,19.1,15.8,21.6,14,15.1,20.9,42.8,20.2,22.7,20.2,,,,,,22.2204,114.2127
2026-10-06T18:00,23.9,23.9,22.4,24.2,25,23.1,22.5,23.7,23.6,23.1,23.1,24.1,23.3,23.4,25.3,23.4,24.5,24.6,23.5,25.3,23.7,23.5,22.5,23.2,24,26,23.4,23.9,22.3,23.1,23.1,26.2,22.4,23.3,24.3,23.5,24.1,25.8,25.4,23.9,51,66,55,62,69,64,57,57,52,68,66,52,63,64,61,66,63,64,65,71,65,67,56,62,62,71,61,68,62,57,63,65,65,66,64,57,59,69,59,57,0,0,0,0,0,0,0,0,0,0,0,0,0,0,0,0,0,0,0,0,0,0,0,0,0,0,0,0,0,0,0,0,0,0,0,0,0,0,0,0,4.4,4.8,7.6,6.2,4.8,7.2,8.6,7.2,8.9,5.4,7.7,4,5.5,6.8,3.4,2.2,5,5.4,9,4,6.2,6.6,6.1,5.4,4.2,3.7,4.9,5.1,5.2,6.5,10.1,7.3,6.2,6.8,5.8,7.6,5.1,8,4.5,8.2,,,,,,,,,,,,,,,,,,,,,,,,,,,,,,,,,,,,,,,,,26.1,26.6,25.8,24.9,27.4,26.5,27.1,27.7,26,26.5,25.9,27.1,24.4,25.3,26.1,26.6,24.8,24.4,26.5,24.3,27.9,26.8,25,27,25.5,27,25.4,26.7,24.3,26.4,25.1,59,62,71,62,70,70,63,68,59,75,73,56,62,62,65,63,64,48,59,73,59,69,64,68,56,57,78,43,69,73,69,0,0,0,0,0.1,0,0,0.1,0,0.4,0,0,0,0,0,0,0,0,0,0,0,0,0,0,0,0,0,0,0,0,0,14.2,11.8,22.8,15.1,10.5,12.7,15.8,16.2,24.5,23.6,20.2,19.4,21.5,12.3,14.8,13,12.1,23.7,15.2,15.4,14.6,15.8,15.8,19.8,12.4,13,18,35.5,17.6,19.7,17.5,15.1,15.1,23.4,15.5,13,14.8,18,19.1,26.6,25.2,22,20.5,23.8,14,16.9,15.1,10.8,32.8,17.6,16.2,18.7,17.6,16.6,22.3,15.1,15.1,19.8,45.4,19.4,22.3,19.8,,,,,,22.2204,114.2127
2026-10-06T19:00,24,24,22.6,24.3,25.2,23.2,22.7,23.9,23.7,23.2,23.2,24.3,23.4,23.5,25.5,23.7,24.6,24.9,23.6,25.4,23.8,23.6,22.6,23.3,24.2,26.2,23.4,24,22.4,23.2,23.2,26.5,22.5,23.5,24.5,23.7,24.3,25.9,25.6,24.1,50,66,55,62,68,65,58,57,52,68,66,53,63,65,62,67,64,64,64,72,65,68,57,61,62,71,61,68,62,57,62,65,66,67,65,57,60,69,60,57,0,0,0,0,0,0,0,0,0,0,0,0,0,0,0,0,0,0,0,0,0,0,0,0,0,0,0,0,0,0,0,0,0,0,0,0,0,0,0,0,4.1,4.4,7.2,6.2,4.4,7.2,8,6.9,8.6,5,7.3,3.7,5.5,6.5,3.3,2.5,4.7,5.1,8.6,3.9,6,6.6,5.8,5.4,3.8,3.5,4.6,5.1,5.1,6.5,10.1,6.6,6.2,6.8,5.5,7.2,4.7,7.6,4,7.9,,,,,,,,,,,,,,,,,,,,,,,,,,,,,,,,,,,,,,,,,26,26.9,25.6,24.5,27.6,26.7,27.1,27.7,25.7,26.4,25.9,26.5,24.2,25.4,26.2,26.7,24.6,24.9,26.6,24.3,27.9,27,24.9,26.8,25.7,27,25.6,26.6,24.3,26.5,25.2,61,62,73,65,70,69,63,68,59,76,74,56,64,62,65,62,66,47,58,73,57,69,66,71,55,57,77,43,68,73,70,0,0,0,0,0.1,0,0,0.1,0,0.4,0,0,0,0,0,0,0,0,0,0,0,0,0,0,0,0,0,0,0,0,0,14.2,13.2,24.1,17.1,11.7,12.9,17,16.3,21.6,22.4,19.5,21.2,18.3,12.6,16.9,12.3,14,23.1,15.7,16.4,17.9,14.8,16.6,21.3,13.2,14.3,17.4,37.4,16.5,19.2,16.4,15.1,16.2,25.6,15.5,15.1,14.8,19.4,19.4,24.1,23.8,21.2,22,19.4,15.1,18,14.4,12.2,33.8,17.3,17.3,20.9,16.2,17.6,23.4,16.6,15.5,18.7,48.2,18.7,21.2,19.4,,,,,,22.2204,114.2127
2026-10-06T20:00,24.1,24.1,22.6,24.5,25.3,23.2,22.9,24,23.7,23.3,23.2,24.4,23.4,23.6,25.6,23.8,24.7,25.1,23.6,25.4,23.9,23.7,22.7,23.4,24.3,26.3,23.5,24.2,22.4,23.3,23.2,26.7,22.6,23.6,24.7,23.7,24.4,26,25.7,24.2,50,67,55,62,68,65,58,57,52,68,65,53,64,65,62,68,64,64,64,73,65,68,58,61,62,71,62,68,62,57,61,64,66,67,65,57,60,69,60,57,0,0,0,0,0,0,0,0,0,0,0,0,0,0,0,0,0,0,0,0,0,0,0,0,0,0,0,0,0,0,0,0,0,0,0,0,0,0,0,0,4.1,4.4,6.9,6.2,4.4,6.8,7.6,6.9,8.2,5,7.3,3.3,5.2,6.1,3,3,4.7,4.7,8.6,3.6,6,6.2,5.4,5.1,3.8,3.9,4.2,4.7,5.1,6.2,10.1,6.2,6.2,6.5,5.2,6.8,4.3,7.6,4,7.9,,,,,,,,,,,,,,,,,,,,,,,,,,,,,,,,,,,,,,,,,25.8,27.1,25.5,24.1,27.7,26.8,27.1,27.6,25.4,26.3,25.9,26,24,25.5,26.2,26.7,24.4,25.2,26.7,24.2,27.9,27,24.8,26.7,25.8,26.9,25.7,26.3,24.3,26.4,25.3,62,61,75,67,70,69,63,69,58,76,76,55,65,62,66,62,68,46,58,73,56,69,68,74,53,58,77,44,67,74,70,0,0,0,0,0.1,0,0,0.1,0,0.4,0,0,0,0,0,0,0,0,0,0,0,0,0,0,0,0,0,0,0,0,0,14.2,14.3,25.5,17.8,13.8,13,18.1,16.7,19.8,21.3,19.1,22.1,15.7,12.9,18.2,11.9,15.7,23.2,15.6,17.1,20.9,14,16.8,22.4,14.4,16,17.2,38.7,15.5,18.9,16,15.1,17.3,27.4,15.5,16.9,14.4,20.2,19.8,22.3,23,20.9,22.3,16.2,15.8,19.1,14,14,35.3,16.9,18,23,14.8,18,24.5,17.6,16.2,18.4,50,17.6,20.9,19.1,,,,,,22.2204,114.2127
2026-10-06T21:00,24.1,24.2,22.6,24.5,25.3,23.2,22.9,24,23.6,23.4,23.2,24.4,23.4,23.5,25.7,23.9,24.8,25.1,23.5,25.4,23.9,23.7,22.7,23.5,24.4,26.3,23.5,24.3,22.4,23.4,23.2,26.8,22.6,23.7,24.7,23.7,24.4,25.9,25.7,24.1,50,67,55,62,68,65,58,57,52,68,64,53,65,65,62,69,64,63,63,74,65,68,59,60,62,71,63,68,62,57,60,63,66,67,65,57,60,69,60,57,0,0,0,0,0,0,0,0,0,0,0,0,0,0,0,0,0,0,0,0,0,0,0,0,0,0,0,0,0,0,0,0,0,0,0,0,0,0,0,0,4.1,4.4,6.9,6.2,4.4,6.8,7.2,6.9,8.2,5,7.3,3.3,4.8,6.1,3,3.3,4.7,4.7,8.6,3.6,6,6.2,5.1,5.1,3.8,3.9,4.2,4.7,5.1,6.2,10.1,5.9,6.2,6.5,5.2,6.8,4.3,7.6,4,7.9,,,,,,,,,,,,,,,,,,,,,,,,,,,,,,,,,,,,,,,,,25.7,27,25.4,23.8,27.6,26.9,27,27.5,25.4,26.1,25.8,25.7,24,25.6,26,26.6,24.2,25.2,26.6,24.2,27.7,26.9,24.8,26.6,25.9,26.7,25.8,26,24.5,26.3,25.4,63,61,76,69,69,69,62,70,58,76,77,54,63,62,67,63,70,47,59,74,55,70,69,76,51,59,77,45,65,74,70,0,0,0.1,0,0,0,0,0.2,0,0.4,0.1,0,0,0,0,0,0,0,0,0,0,0.1,0,0,0,0,0.2,0,0,0.3,0,13.7,15.3,26.5,17.4,15,12.8,17.6,17.4,19.3,21.2,18.8,20.3,14.3,13.3,18.1,12.6,18.1,24.8,14.8,18.2,21.9,13.2,16.2,23.9,15.3,16.8,17.2,38.9,14.5,18.5,16,14.4,18,28.8,15.1,17.6,14.4,19.4,19.8,22,23,20.9,20.9,15.1,15.8,19.4,14.4,17.3,36,15.8,19.1,24.1,13.7,17.6,25.9,18.4,16.6,18.7,49.7,16.9,20.9,19.1,,,,,,22.2204,114.2127
2026-10-06T22:00,24.1,24.2,22.5,24.5,25.3,23.2,22.8,24,23.4,23.4,23.2,24.3,23.5,23.4,25.7,24,24.8,25.1,23.4,25.4,23.9,23.8,22.7,23.5,24.4,26.3,23.5,24.3,22.4,23.3,23,26.7,22.6,23.8,24.7,23.6,24.4,25.9,25.7,24,49,68,55,62,68,66,58,56,52,67,64,53,65,64,62,70,64,63,62,74,65,68,59,60,62,72,63,68,62,56,59,62,66,67,64,57,60,69,59,56,0,0,0,0,0,0,0,0,0,0,0,0,0,0,0,0,0,0,0,0,0,0,0,0,0,0,0,0,0,0,0,0,0,0,0,0,0,0,0,0,4.1,4.4,6.9,6.2,4.4,6.5,7.2,6.9,8.1,5,7.3,3,4.8,6.1,3,3.3,4.3,4.7,9,3.6,6,6.2,5,5.1,3.8,3.9,4.1,4.7,4.7,5.8,10.1,5.8,6.2,6.1,5.2,6.8,4.3,7.2,4.4,7.9,,,,,,,,,,,,,,,,,,,,,,,,,,,,,,,,,,,,,,,,,25.7,26.8,25.3,23.5,27.4,26.9,26.9,27.4,25.4,25.8,25.7,25.5,23.9,25.6,25.7,26.4,24.2,25.1,26.4,24.1,27.4,26.7,24.8,26.6,26,26.5,25.8,25.5,24.6,26.2,25.5,63,61,77,70,68,68,61,71,58,77,78,52,60,62,68,63,71,49,60,75,53,72,69,77,48,62,78,46,63,75,70,0,0,0.1,0,0,0,0,0.2,0,0.4,0.1,0,0,0,0,0,0,0,0,0,0,0.1,0,0,0,0,0.2,0,0,0.3,0,13,16.1,27.6,16.2,15.9,12.7,16.6,18.1,19.5,21.4,18.8,16.9,14.5,13.3,17.6,13.7,21.3,26.9,13.9,19.6,21.7,12.8,15.4,25.3,16.2,17.5,17.7,38.5,13.6,19.1,16.5,13.7,18.4,30.2,15.1,18,14.4,18.4,20.2,22.3,23.8,20.9,18,15.5,15.1,19.1,15.1,20.9,36.7,14.8,20.5,24.5,13,16.6,28.1,18.7,17.3,19.1,47.9,16.2,21.2,19.4,,,,,,22.2204,114.2127
2026-10-06T23:00,24,24.2,22.4,24.5,25.2,23.2,22.7,23.9,23.1,23.5,23.2,24.2,23.5,23.3,25.6,24,24.7,25,23.2,25.3,23.9,23.8,22.6,23.5,24.4,26.3,23.5,24.3,22.3,23.2,22.9,26.6,22.7,23.8,24.6,23.4,24.3,25.7,25.6,23.8,49,68,54,62,68,66,58,56,51,67,63,53,65,64,61,70,65,61,61,75,66,68,59,59,62,72,64,68,63,55,58,61,66,68,64,56,60,70,59,55,0,0,0,0,0,0,0,0,0,0,0,0,0,0,0,0,0,0,0,0,0,0,0,0,0,0,0,0,0,0,0,0,0,0,0,0,0,0,0,0,4,4.4,6.9,6.2,4.4,6.5,7.6,6.9,8.5,5,7.6,3.4,4.8,6.5,2.9,3.3,4.3,5.1,9.4,3.9,6,6.2,5,5.1,3.8,3.9,4,4.7,4.7,5.8,10.1,5.8,6.1,6.1,5.5,6.8,4.3,6.9,4.3,8.2,,,,,,,,,,,,,,,,,,,,,,,,,,,,,,,,,,,,,,,,,25.6,26.6,25.3,23.4,27.1,26.9,26.7,27.3,25.3,25.6,25.7,25.4,23.9,25.7,25.4,26.2,24.1,24.9,26.2,24,27.1,26.5,24.9,26.6,25.9,26.2,25.8,25.1,24.8,26.1,25.6,64,62,77,70,68,68,61,71,58,77,79,51,57,62,69,65,72,50,62,76,52,73,69,78,46,64,79,47,61,75,70,0,0,0.1,0,0,0,0,0.2,0,0.4,0.1,0,0,0,0,0,0,0,0,0,0,0.1,0,0,0,0,0.2,0,0,0.3,0,12.5,16.4,28.3,15.5,16.9,12.7,16.2,18.8,19.8,21.9,18.9,14.7,14.6,13.4,17.4,15.2,24.1,29.4,13.2,20.3,20.9,12.4,14.8,26.5,16.7,18.9,18.3,37.9,13.5,19.3,16.6,13.3,18.4,31.3,15.5,18.4,14.4,18,20.2,22.7,24.5,20.9,16.2,15.8,14.8,19.1,16.2,23.8,37.8,14,21.2,24.5,13,15.8,29.5,18.4,19.1,20.2,46.1,15.8,21.6,19.4,,,,,,22.2204,114.2127
