time,temperature_2m_icon_seamless_eps (°C),temperature_2m_member01_icon_seamless_eps (°C),temperature_2m_member02_icon_seamless_eps (°C),temperature_2m_member03_icon_seamless_eps (°C),temperature_2m_member04_icon_seamless_eps (°C),temperature_2m_member05_icon_seamless_eps (°C),temperature_2m_member06_icon_seamless_eps (°C),temperature_2m_member07_icon_seamless_eps (°C),temperature_2m_member08_icon_seamless_eps (°C),temperature_2m_member09_icon_seamless_eps (°C),temperature_2m_member10_icon_seamless_eps (°C),temperature_2m_member11_icon_seamless_eps (°C),temperature_2m_member12_icon_seamless_eps (°C),temperature_2m_member13_icon_seamless_eps (°C),temperature_2m_member14_icon_seamless_eps (°C),temperature_2m_member15_icon_seamless_eps (°C),temperature_2m_member16_icon_seamless_eps (°C),temperature_2m_member17_icon_seamless_eps (°C),temperature_2m_member18_icon_seamless_eps (°C),temperature_2m_member19_icon_seamless_eps (°C),temperature_2m_member20_icon_seamless_eps (°C),temperature_2m_member21_icon_seamless_eps (°C),temperature_2m_member22_icon_seamless_eps (°C),temperature_2m_member23_icon_seamless_eps (°C),temperature_2m_member24_icon_seamless_eps (°C),temperature_2m_member25_icon_seamless_eps (°C),temperature_2m_member26_icon_seamless_eps (°C),temperature_2m_member27_icon_seamless_eps (°C),temperature_2m_member28_icon_seamless_eps (°C),temperature_2m_member29_icon_seamless_eps (°C),temperature_2m_member30_icon_seamless_eps (°C),temperature_2m_member31_icon_seamless_eps (°C),temperature_2m_member32_icon_seamless_eps (°C),temperature_2m_member33_icon_seamless_eps (°C),temperature_2m_member34_icon_seamless_eps (°C),temperature_2m_member35_icon_seamless_eps (°C),temperature_2m_member36_icon_seamless_eps (°C),temperature_2m_member37_icon_seamless_eps (°C),temperature_2m_member38_icon_seamless_eps (°C),temperature_2m_member39_icon_seamless_eps (°C),relativehumidity_2m_icon_seamless_eps (%),relativehumidity_2m_member01_icon_seamless_eps (%),relativehumidity_2m_member02_icon_seamless_eps (%),relativehumidity_2m_member03_icon_seamless_eps (%),relativehumidity_2m_member04_icon_seamless_eps (%),relativehumidity_2m_member05_icon_seamless_eps (%),relativehumidity_2m_member06_icon_seamless_eps (%),relativehumidity_2m_member07_icon_seamless_eps (%),relativehumidity_2m_member08_icon_seamless_eps (%),relativehumidity_2m_member09_icon_seamless_eps (%),relativehumidity_2m_member10_icon_seamless_eps (%),relativehumidity_2m_member11_icon_seamless_eps (%),relativehumidity_2m_member12_icon_seamless_eps (%),relativehumidity_2m_member13_icon_seamless_eps (%),relativehumidity_2m_member14_icon_seamless_eps (%),relativehumidity_2m_member15_icon_seamless_eps (%),relativehumidity_2m_member16_icon_seamless_eps (%),relativehumidity_2m_member17_icon_seamless_eps (%),relativehumidity_2m_member18_icon_seamless_eps (%),relativehumidity_2m_member19_icon_seamless_eps (%),relativehumidity_2m_member20_icon_seamless_eps (%),relativehumidity_2m_member21_icon_seamless_eps (%),relativehumidity_2m_member22_icon_seamless_eps (%),relativehumidity_2m_member23_icon_seamless_eps (%),relativehumidity_2m_member24_icon_seamless_eps (%),relativehumidity_2m_member25_icon_seamless_eps (%),relativehumidity_2m_member26_icon_seamless_eps (%),relativehumidity_2m_member27_icon_seamless_eps (%),relativehumidity_2m_member28_icon_seamless_eps (%),relativehumidity_2m_member29_icon_seamless_eps (%),relativehumidity_2m_member30_icon_seamless_eps (%),relativehumidity_2m_member31_icon_seamless_eps (%),relativehumidity_2m_member32_icon_seamless_eps (%),relativehumidity_2m_member33_icon_seamless_eps (%),relativehumidity_2m_member34_icon_seamless_eps (%),relativehumidity_2m_member35_icon_seamless_eps (%),relativehumidity_2m_member36_icon_seamless_eps (%),relativehumidity_2m_member37_icon_seamless_eps (%),relativehumidity_2m_member38_icon_seamless_eps (%),relativehumidity_2m_member39_icon_seamless_eps (%),rain_icon_seamless_eps (mm),rain_member01_icon_seamless_eps (mm),rain_member02_icon_seamless_eps (mm),rain_member03_icon_seamless_eps (mm),rain_member04_icon_seamless_eps (mm),rain_member05_icon_seamless_eps (mm),rain_member06_icon_seamless_eps (mm),rain_member07_icon_seamless_eps (mm),rain_member08_icon_seamless_eps (mm),rain_member09_icon_seamless_eps (mm),rain_member10_icon_seamless_eps (mm),rain_member11_icon_seamless_eps (mm),rain_member12_icon_seamless_eps (mm),rain_member13_icon_seamless_eps (mm),rain_member14_icon_seamless_eps (mm),rain_member15_icon_seamless_eps (mm),rain_member16_icon_seamless_eps (mm),rain_member17_icon_seamless_eps (mm),rain_member18_icon_seamless_eps (mm),rain_member19_icon_seamless_eps (mm),rain_member20_icon_seamless_eps (mm),rain_member21_icon_seamless_eps (mm),rain_member22_icon_seamless_eps (mm),rain_member23_icon_seamless_eps (mm),rain_member24_icon_seamless_eps (mm),rain_member25_icon_seamless_eps (mm),rain_member26_icon_seamless_eps (mm),rain_member27_icon_seamless_eps (mm),rain_member28_icon_seamless_eps (mm),rain_member29_icon_seamless_eps (mm),rain_member30_icon_seamless_eps (mm),rain_member31_icon_seamless_eps (mm),rain_member32_icon_seamless_eps (mm),rain_member33_icon_seamless_eps (mm),rain_member34_icon_seamless_eps (mm),rain_member35_icon_seamless_eps (mm),rain_member36_icon_seamless_eps (mm),rain_member37_icon_seamless_eps (mm),rain_member38_icon_seamless_eps (mm),rain_member39_icon_seamless_eps (mm),windspeed_10m_icon_seamless_eps (km/h),windspeed_10m_member01_icon_seamless_eps (km/h),windspeed_10m_member02_icon_seamless_eps (km/h),windspeed_10m_member03_icon_seamless_eps (km/h),windspeed_10m_member04_icon_seamless_eps (km/h),windspeed_10m_member05_icon_seamless_eps (km/h),windspeed_10m_member06_icon_seamless_eps (km/h),windspeed_10m_member07_icon_seamless_eps (km/h),windspeed_10m_member08_icon_seamless_eps (km/h),windspeed_10m_member09_icon_seamless_eps (km/h),windspeed_10m_member10_icon_seamless_eps (km/h),windspeed_10m_member11_icon_seamless_eps (km/h),windspeed_10m_member12_icon_seamless_eps (km/h),windspeed_10m_member13_icon_seamless_eps (km/h),windspeed_10m_member14_icon_seamless_eps (km/h),windspeed_10m_member15_icon_seamless_eps (km/h),windspeed_10m_member16_icon_seamless_eps (km/h),windspeed_10m_member17_icon_seamless_eps (km/h),windspeed_10m_member18_icon_seamless_eps (km/h),windspeed_10m_member19_icon_seamless_eps (km/h),windspeed_10m_member20_icon_seamless_eps (km/h),windspeed_10m_member21_icon_seamless_eps (km/h),windspeed_10m_member22_icon_seamless_eps (km/h),windspeed_10m_member23_icon_seamless_eps (km/h),windspeed_10m_member24_icon_seamless_eps (km/h),windspeed_10m_member25_icon_seamless_eps (km/h),windspeed_10m_member26_icon_seamless_eps (km/h),windspeed_10m_member27_icon_seamless_eps (km/h),windspeed_10m_member28_icon_seamless_eps (km/h),windspeed_10m_member29_icon_seamless_eps (km/h),windspeed_10m_member30_icon_seamless_eps (km/h),windspeed_10m_member31_icon_seamless_eps (km/h),windspeed_10m_member32_icon_seamless_eps (km/h),windspeed_10m_member33_icon_seamless_eps (km/h),windspeed_10m_member34_icon_seamless_eps (km/h),windspeed_10m_member35_icon_seamless_eps (km/h),windspeed_10m_member36_icon_seamless_eps (km/h),windspeed_10m_member37_icon_seamless_eps (km/h),windspeed_10m_member38_icon_seamless_eps (km/h),windspeed_10m_member39_icon_seamless_eps (km/h),windgusts_10m_icon_seamless_eps (km/h),windgusts_10m_member01_icon_seamless_eps (km/h),windgusts_10m_member02_icon_seamless_eps (km/h),windgusts_10m_member03_icon_seamless_eps (km/h),windgusts_10m_member04_icon_seamless_eps (km/h),windgusts_10m_member05_icon_seamless_eps (km/h),windgusts_10m_member06_icon_seamless_eps (km/h),windgusts_10m_member07_icon_seamless_eps (km/h),windgusts_10m_member08_icon_seamless_eps (km/h),windgusts_10m_member09_icon_seamless_eps (km/h),windgusts_10m_member10_icon_seamless_eps (km/h),windgusts_10m_member11_icon_seamless_eps (km/h),windgusts_10m_member12_icon_seamless_eps (km/h),windgusts_10m_member13_icon_seamless_eps (km/h),windgusts_10m_member14_icon_seamless_eps (km/h),windgusts_10m_member15_icon_seamless_eps (km/h),windgusts_10m_member16_icon_seamless_eps (km/h),windgusts_10m_member17_icon_seamless_eps (km/h),windgusts_10m_member18_icon_seamless_eps (km/h),windgusts_10m_member19_icon_seamless_eps (km/h),windgusts_10m_member20_icon_seamless_eps (km/h),windgusts_10m_member21_icon_seamless_eps (km/h),windgusts_10m_member22_icon_seamless_eps (km/h),windgusts_10m_member23_icon_seamless_eps (km/h),windgusts_10m_member24_icon_seamless_eps (km/h),windgusts_10m_member25_icon_seamless_eps (km/h),windgusts_10m_member26_icon_seamless_eps (km/h),windgusts_10m_member27_icon_seamless_eps (km/h),windgusts_10m_member28_icon_seamless_eps (km/h),windgusts_10m_member29_icon_seamless_eps (km/h),windgusts_10m_member30_icon_seamless_eps (km/h),windgusts_10m_member31_icon_seamless_eps (km/h),windgusts_10m_member32_icon_seamless_eps (km/h),windgusts_10m_member33_icon_seamless_eps (km/h),windgusts_10m_member34_icon_seamless_eps (km/h),windgusts_10m_member35_icon_seamless_eps (km/h),windgusts_10m_member36_icon_seamless_eps (km/h),windgusts_10m_member37_icon_seamless_eps (km/h),windgusts_10m_member38_icon_seamless_eps (km/h),windgusts_10m_member39_icon_seamless_eps (km/h),temperature_2m_ncep_gefs_seamless (°C),temperature_2m_member01_ncep_gefs_seamless (°C),temperature_2m_member02_ncep_gefs_seamless (°C),temperature_2m_member03_ncep_gefs_seamless (°C),temperature_2m_member04_ncep_gefs_seamless (°C),temperature_2m_member05_ncep_gefs_seamless (°C),temperature_2m_member06_ncep_gefs_seamless (°C),temperature_2m_member07_ncep_gefs_seamless (°C),temperature_2m_member08_ncep_gefs_seamless (°C),temperature_2m_member09_ncep_gefs_seamless (°C),temperature_2m_member10_ncep_gefs_seamless (°C),temperature_2m_member11_ncep_gefs_seamless (°C),temperature_2m_member12_ncep_gefs_seamless (°C),temperature_2m_member13_ncep_gefs_seamless (°C),temperature_2m_member14_ncep_gefs_seamless (°C),temperature_2m_member15_ncep_gefs_seamless (°C),temperature_2m_member16_ncep_gefs_seamless (°C),temperature_2m_member17_ncep_gefs_seamless (°C),temperature_2m_member18_ncep_gefs_seamless (°C),temperature_2m_member19_ncep_gefs_seamless (°C),temperature_2m_member20_ncep_gefs_seamless (°C),temperature_2m_member21_ncep_gefs_seamless (°C),temperature_2m_member22_ncep_gefs_seamless (°C),temperature_2m_member23_ncep_gefs_seamless (°C),temperature_2m_member24_ncep_gefs_seamless (°C),temperature_2m_member25_ncep_gefs_seamless (°C),temperature_2m_member26_ncep_gefs_seamless (°C),temperature_2m_member27_ncep_gefs_seamless (°C),temperature_2m_member28_ncep_gefs_seamless (°C),temperature_2m_member29_ncep_gefs_seamless (°C),temperature_2m_member30_ncep_gefs_seamless (°C),relativehumidity_2m_ncep_gefs_seamless (%),relativehumidity_2m_member01_ncep_gefs_seamless (%),relativehumidity_2m_member02_ncep_gefs_seamless (%),relativehumidity_2m_member03_ncep_gefs_seamless (%),relativehumidity_2m_member04_ncep_gefs_seamless (%),relativehumidity_2m_member05_ncep_gefs_seamless (%),relativehumidity_2m_member06_ncep_gefs_seamless (%),relativehumidity_2m_member07_ncep_gefs_seamless (%),relativehumidity_2m_member08_ncep_gefs_seamless (%),relativehumidity_2m_member09_ncep_gefs_seamless (%),relativehumidity_2m_member10_ncep_gefs_seamless (%),relativehumidity_2m_member11_ncep_gefs_seamless (%),relativehumidity_2m_member12_ncep_gefs_seamless (%),relativehumidity_2m_member13_ncep_gefs_seamless (%),relativehumidity_2m_member14_ncep_gefs_seamless (%),relativehumidity_2m_member15_ncep_gefs_seamless (%),relativehumidity_2m_member16_ncep_gefs_seamless (%),relativehumidity_2m_member17_ncep_gefs_seamless (%),relativehumidity_2m_member18_ncep_gefs_seamless (%),relativehumidity_2m_member19_ncep_gefs_seamless (%),relativehumidity_2m_member20_ncep_gefs_seamless (%),relativehumidity_2m_member21_ncep_gefs_seamless (%),relativehumidity_2m_member22_ncep_gefs_seamless (%),relativehumidity_2m_member23_ncep_gefs_seamless (%),relativehumidity_2m_member24_ncep_gefs_seamless (%),relativehumidity_2m_member25_ncep_gefs_seamless (%),relativehumidity_2m_member26_ncep_gefs_seamless (%),relativehumidity_2m_member27_ncep_gefs_seamless (%),relativehumidity_2m_member28_ncep_gefs_seamless (%),relativehumidity_2m_member29_ncep_gefs_seamless (%),relativehumidity_2m_member30_ncep_gefs_seamless (%),rain_ncep_gefs_seamless (mm),rain_member01_ncep_gefs_seamless (mm),rain_member02_ncep_gefs_seamless (mm),rain_member03_ncep_gefs_seamless (mm),rain_member04_ncep_gefs_seamless (mm),rain_member05_ncep_gefs_seamless (mm),rain_member06_ncep_gefs_seamless (mm),rain_member07_ncep_gefs_seamless (mm),rain_member08_ncep_gefs_seamless (mm),rain_member09_ncep_gefs_seamless (mm),rain_member10_ncep_gefs_seamless (mm),rain_member11_ncep_gefs_seamless (mm),rain_member12_ncep_gefs_seamless (mm),rain_member13_ncep_gefs_seamless (mm),rain_member14_ncep_gefs_seamless (mm),rain_member15_ncep_gefs_seamless (mm),rain_member16_ncep_gefs_seamless (mm),rain_member17_ncep_gefs_seamless (mm),rain_member18_ncep_gefs_seamless (mm),rain_member19_ncep_gefs_seamless (mm),rain_member20_ncep_gefs_seamless (mm),rain_member21_ncep_gefs_seamless (mm),rain_member22_ncep_gefs_seamless (mm),rain_member23_ncep_gefs_seamless (mm),rain_member24_ncep_gefs_seamless (mm),rain_member25_ncep_gefs_seamless (mm),rain_member26_ncep_gefs_seamless (mm),rain_member27_ncep_gefs_seamless (mm),rain_member28_ncep_gefs_seamless (mm),rain_member29_ncep_gefs_seamless (mm),rain_member30_ncep_gefs_seamless (mm),windspeed_10m_ncep_gefs_seamless (km/h),windspeed_10m_member01_ncep_gefs_seamless (km/h),windspeed_10m_member02_ncep_gefs_seamless (km/h),windspeed_10m_member03_ncep_gefs_seamless (km/h),windspeed_10m_member04_ncep_gefs_seamless (km/h),windspeed_10m_member05_ncep_gefs_seamless (km/h),windspeed_10m_member06_ncep_gefs_seamless (km/h),windspeed_10m_member07_ncep_gefs_seamless (km/h),windspeed_10m_member08_ncep_gefs_seamless (km/h),windspeed_10m_member09_ncep_gefs_seamless (km/h),windspeed_10m_member10_ncep_gefs_seamless (km/h),windspeed_10m_member11_ncep_gefs_seamless (km/h),windspeed_10m_member12_ncep_gefs_seamless (km/h),windspeed_10m_member13_ncep_gefs_seamless (km/h),windspeed_10m_member14_ncep_gefs_seamless (km/h),windspeed_10m_member15_ncep_gefs_seamless (km/h),windspeed_10m_member16_ncep_gefs_seamless (km/h),windspeed_10m_member17_ncep_gefs_seamless (km/h),windspeed_10m_member18_ncep_gefs_seamless (km/h),windspeed_10m_member19_ncep_gefs_seamless (km/h),windspeed_10m_member20_ncep_gefs_seamless (km/h),windspeed_10m_member21_ncep_gefs_seamless (km/h),windspeed_10m_member22_ncep_gefs_seamless (km/h),windspeed_10m_member23_ncep_gefs_seamless (km/h),windspeed_10m_member24_ncep_gefs_seamless (km/h),windspeed_10m_member25_ncep_gefs_seamless (km/h),windspeed_10m_member26_ncep_gefs_seamless (km/h),windspeed_10m_member27_ncep_gefs_seamless (km/h),windspeed_10m_member28_ncep_gefs_seamless (km/h),windspeed_10m_member29_ncep_gefs_seamless (km/h),windspeed_10m_member30_ncep_gefs_seamless (km/h),windgusts_10m_ncep_gefs_seamless (km/h),windgusts_10m_member01_ncep_gefs_seamless (km/h),windgusts_10m_member02_ncep_gefs_seamless (km/h),windgusts_10m_member03_ncep_gefs_seamless (km/h),windgusts_10m_member04_ncep_gefs_seamless (km/h),windgusts_10m_member05_ncep_gefs_seamless (km/h),windgusts_10m_member06_ncep_gefs_seamless (km/h),windgusts_10m_member07_ncep_gefs_seamless (km/h),windgusts_10m_member08_ncep_gefs_seamless (km/h),windgusts_10m_member09_ncep_gefs_seamless (km/h),windgusts_10m_member10_ncep_gefs_seamless (km/h),windgusts_10m_member11_ncep_gefs_seamless (km/h),windgusts_10m_member12_ncep_gefs_seamless (km/h),windgusts_10m_member13_ncep_gefs_seamless (km/h),windgusts_10m_member14_ncep_gefs_seamless (km/h),windgusts_10m_member15_ncep_gefs_seamless (km/h),windgusts_10m_member16_ncep_gefs_seamless (km/h),windgusts_10m_member17_ncep_gefs_seamless (km/h),windgusts_10m_member18_ncep_gefs_seamless (km/h),windgusts_10m_member19_ncep_gefs_seamless (km/h),windgusts_10m_member20_ncep_gefs_seamless (km/h),windgusts_10m_member21_ncep_gefs_seamless (km/h),windgusts_10m_member22_ncep_gefs_seamless (km/h),windgusts_10m_member23_ncep_gefs_seamless (km/h),windgusts_10m_member24_ncep_gefs_seamless (km/h),windgusts_10m_member25_ncep_gefs_seamless (km/h),windgusts_10m_member26_ncep_gefs_seamless (km/h),windgusts_10m_member27_ncep_gefs_seamless (km/h),windgusts_10m_member28_ncep_gefs_seamless (km/h),windgusts_10m_member29_ncep_gefs_seamless (km/h),windgusts_10m_member30_ncep_gefs_seamless (km/h),temperature_2m_ecmwf_ifs04 (°C),relativehumidity_2m_ecmwf_ifs04 (%),rain_ecmwf_ifs04 (mm),windspeed_10m_ecmwf_ifs04 (km/h),windgusts_10m_ecmwf_ifs04 (undefined),latitude,longitude
2025-12-23T00:00,20,19,18.5,19.3,18.4,18.2,17.6,18.6,19.3,18.9,18.7,19.4,18.5,18.9,19.1,19.1,17.9,18.4,17.9,18.8,18.9,19,18.1,18.1,19.5,19,18.9,18.8,18.4,19.2,19.5,19.2,18.8,19,18.9,19.8,18.3,18.5,19.3,19.1,76,68,80,79,81,79,81,82,77,77,80,77,80,79,78,79,81,77,77,81,76,74,82,79,74,80,77,79,81,78,75,76,78,79,79,75,72,82,80,79,0,0,0,0,0,0,0,0,0,0,0,0,0,0,0,0,0,0,0,0,0,0,0,0,0,0,0,0,0,0,0,0,0,0,0,0,0,0,0,0,17.4,12.3,26.5,20.5,19.6,15.5,16.2,19.8,17.3,13.6,14.8,17.6,17.3,12.6,17,18.9,11.2,11.9,12.3,19.1,13.4,14.4,16.6,16.9,14.7,14.8,18.4,17.8,11.7,15.3,19.6,13,14.2,19.7,15.9,16.6,13.7,9.4,14,16.1,,,,,,,,,,,,,,,,,,,,,,,,,,,,,,,,,,,,,,,,,19.4,19.4,19.5,19.4,19.1,19.3,19.6,19.4,19.3,19.4,19.3,19.3,19.2,19.5,18.9,19.4,19.4,19.6,18.8,19.4,19,19.5,19.7,19.5,19.4,19.5,19.4,19.5,19.4,19.4,19.4,83,84,83,84,82,83,83,83,83,81,84,83,81,82,82,83,82,83,83,83,84,82,81,83,84,82,81,82,83,81,80,0,0,0,0,0,0,0,0,0,0,0,0,0,0,0,0,0,0,0,0,0,0,0,0,0,0,0,0,0,0,0,30,30.7,29,30.9,31.8,32.1,28.6,28.4,30.4,31.3,30.6,31.5,29.7,31.1,34.7,31.1,29.7,27.9,33.7,29.7,30.5,30.1,27.9,30,30.9,30.3,29.4,28.9,30.1,29.9,28,36,36,33.8,35.3,38.2,38.5,33.1,33.5,36,38.5,35.6,37.4,34.2,36.4,41,36,35.6,33.1,40.3,35.3,35.6,36.4,33.1,35.6,36.4,36,33.8,33.5,36,34.6,33.5,,,,,,22.2204,114.2127
2025-12-23T01:00,19.6,18.9,18.4,19.4,18.5,18.3,17.7,18.7,19.4,18.8,18.7,19.4,18.5,18.9,19.1,19,18,18.4,18,18.8,18.9,19.1,18.1,18.1,19.5,19,18.8,18.8,18.5,19.2,19.2,19.1,18.7,18.8,19.1,19.7,18.4,18.6,19.2,19.1,78,69,81,79,80,78,80,81,76,76,79,77,79,79,78,79,81,77,77,81,75,73,81,79,72,80,76,79,79,78,78,75,77,80,78,75,71,81,80,79,0,0,0,0,0,0,0,0,0,0,0,0,0,0,0,0,0,0,0,0,0,0,0,0,0,0,0,0,0,0,0,0,0,0,0,0,0,0,0,0,15,15.1,26.6,22.3,21,17,14.1,19.5,19.7,13,16.9,19.8,19.6,14.8,19.4,18.9,11.6,13.4,12.3,19,15.2,15.1,19,16.3,16.1,15.2,21.2,17.7,13.1,17.1,17.9,13.6,15.7,18.3,18.7,17.4,14.5,10.4,16.6,16.2,,,,,,,,,,,,,,,,,,,,,,,,,,,,,,,,,,,,,,,,,19.2,19.1,19,19.1,19.1,19.4,19.5,19.4,19.3,19.2,19.2,19.1,19,19.1,19,19.4,19.1,19.6,18.9,19.2,19,19.4,19.4,19.3,19.2,19.3,19.1,19.1,19.3,19.2,19.4,82,85,83,83,81,82,82,82,83,81,84,83,81,81,82,82,84,83,83,84,84,81,80,82,84,83,82,82,83,82,82,0,0,0,0,0,0,0,0,0,0,0,0,0,0,0,0,0,0,0,0,0,0,0,0,0,0,0,0,0,0,0,29,29,29.4,29.2,30.3,29.2,26.4,26.1,27.9,30.5,27.9,29.6,30,30.6,30.7,28.6,27.9,24.7,31.4,29.5,29.3,28.5,27.5,29.2,29.8,28.9,28.8,29.7,28.8,29.9,27.2,33.5,33.5,33.8,33.1,34.9,34.9,30.2,30.2,31.7,36,31.3,33.8,34.2,34.6,35.6,32.8,32.8,28.8,36,34.2,33.1,32.8,31.7,33.5,33.8,33.5,32.4,33.5,33.8,33.8,31.7,,,,,,22.2204,114.2127
2025-12-23T02:00,19.3,18.8,18.4,19.3,18.5,18.3,17.8,18.7,19.3,18.7,18.5,19.3,18.4,18.9,18.9,18.8,17.9,18.3,18,18.8,18.7,19,18,18.1,19.3,18.9,18.6,18.7,18.4,19.1,19,18.9,18.6,18.6,19.1,19.7,18.3,18.5,19.1,19,79,72,79,79,79,79,78,79,77,75,79,76,79,79,78,79,82,78,76,80,76,74,80,78,72,80,77,80,78,79,79,75,76,81,80,75,72,80,79,78,0,0,0,0,0,0,0,0,0,0,0,0,0,0,0,0,0,0,0,0,0,0,0,0,0,0,0,0,0,0,0,0,0,0,0,0,0,0,0,0,14.8,15.8,26.8,19.9,18.1,17.5,13.1,19.5,20.6,14.1,16.9,18.9,19.4,16.2,20.7,17.7,11.9,13.8,11.9,16.7,15.1,15.5,20.9,16,15.4,14.2,20.9,15.5,12.8,19.6,15.2,13.5,14.9,16.7,19.1,18.1,14.8,10.9,15.5,17,,,,,,,,,,,,,,,,,,,,,,,,,,,,,,,,,,,,,,,,,19.1,19,18.8,19,19.1,19.5,19.3,19.4,19.3,19.1,19.2,18.9,18.9,19,19.1,19.4,19,19.5,19,19,19,19.3,19.1,19.1,19.1,19.1,19,18.9,19.2,19,19.2,82,85,83,83,81,82,81,81,83,81,84,83,81,80,82,82,85,83,83,84,84,80,80,81,84,83,82,82,83,82,83,0,0,0,0,0,0,0,0,0,0,0,0,0,0,0,0,0,0,0,0,0,0,0,0,0,0,0,0,0,0,0,28.3,28.4,30.3,28.6,29.8,27.7,25.7,24.9,26.3,30.4,25.9,28.6,30.7,30.1,28.2,27.3,27.5,23.3,30,29.7,28.4,27.7,27.2,29,28.7,28.6,28.9,30.4,28.6,30.6,27.3,32,32,34.6,32,33.5,32.4,29.2,28.4,29.2,34.6,28.4,31.7,34.6,33.5,31.7,31,31.3,26.6,33.5,33.5,31.7,31,31,32.4,32.4,32.4,32,34.2,32.4,34.2,31.3,,,,,,22.2204,114.2127
2025-12-23T03:00,19.1,18.7,18.2,19,18.3,18.2,17.8,18.4,19.1,18.7,18.4,19.2,18.3,18.8,18.8,18.7,17.9,18.2,18,18.7,18.5,18.9,17.9,18.1,19.2,18.8,18.5,18.6,18.4,19,18.9,18.8,18.6,18.6,18.9,19.6,18.2,18.5,19.1,18.8,80,73,79,79,78,78,77,78,78,75,80,75,79,79,78,80,82,78,74,79,77,75,79,78,72,80,76,80,77,80,79,77,75,80,80,73,73,78,79,79,0,0,0,0,0,0,0,0,0,0,0,0,0,0,0,0,0,0,0,0,0,0,0,0,0,0,0,0,0,0,0,0,0,0,0,0,0,0,0,0,13.9,14.3,27,17.1,14.9,16.5,12.1,18.5,19.4,13.9,16.6,18.3,18.5,16.1,21.2,17.2,12.2,13.1,10.9,13.9,14.8,14.9,18.6,14.6,14,13.9,19.4,13.3,12.2,18.6,15.1,12.9,14.1,14.6,18.9,17.3,13.7,11.1,16.4,16.8,,,,,,,,,,,,,,,,,,,,,,,,,,,,,,,,,,,,,,,,,19.2,19.1,18.8,19,19,19.5,19.2,19.5,19.4,19.1,19.2,18.9,18.9,19,19.1,19.4,19,19.6,19,19.1,19,19.4,19.1,19.2,19.2,19.1,18.8,18.9,19.2,19,19.2,82,84,83,83,81,82,81,81,83,81,83,83,81,80,82,82,85,83,83,84,83,80,80,81,84,83,82,82,82,82,83,0,0,0,0,0,0,0,0,0,0,0,0,0,0,0,0,0,0,0,0,0,0,0,0,0,0,0,0,0,0,0,29.1,29.2,31.3,29.8,31.4,28.6,27.6,25.8,26.7,31.4,25.5,29.2,32.6,30.4,28.7,28.4,29.2,25,30.8,30.6,28.9,28.3,28,30.1,28.7,30.2,30.4,31.7,29.5,32.6,29.4,33.1,33.1,35.6,33.8,35.6,33.1,31.3,29.5,29.9,35.6,28.4,32.4,37.1,33.8,32,32.4,33.5,28.1,34.6,34.6,32.8,32,31.7,33.5,32.8,33.8,34.2,35.6,33.5,36.7,33.8,,,,,,22.2204,114.2127
2025-12-23T04:00,19,18.5,18,18.9,18.3,18.2,17.8,18.3,19,18.7,18.2,19,18.2,18.6,18.6,18.6,17.9,18.2,17.9,18.5,18.5,18.8,17.9,18.1,19.1,18.7,18.4,18.5,18.4,18.9,18.8,18.8,18.5,18.5,18.9,19.6,18.2,18.4,19,18.7,80,75,78,78,77,77,75,77,77,75,81,74,78,79,77,80,81,78,72,79,77,75,76,77,72,80,74,79,77,80,78,76,75,79,80,72,71,77,76,79,0,0,0,0,0,0,0,0,0,0,0,0,0,0,0,0,0,0,0,0,0,0,0,0,0,0,0,0,0,0,0,0,0,0,0,0,0,0,0,0,12.4,13.2,23.7,14.5,11.4,15.4,10.7,16.6,17,12.9,16.6,17.9,16.9,15,19.7,16.5,11.9,13.7,10.1,11.3,13.4,13.8,15,13.3,12.4,14.1,15.6,12.1,12,15.6,12.6,12.5,12.1,12.9,15.5,15.8,12.5,10.4,15,15.9,,,,,,,,,,,,,,,,,,,,,,,,,,,,,,,,,,,,,,,,,19.3,19.4,19,19.1,19,19.6,19.2,19.6,19.4,19.1,19.3,18.9,18.9,19.1,19.1,19.3,19.2,19.7,19.1,19.2,19,19.4,19.3,19.3,19.4,19.1,18.6,19,19.4,19.1,19.2,81,83,82,82,81,82,80,81,83,81,82,83,81,80,82,82,83,82,83,83,82,81,81,81,83,82,82,82,82,82,83,0,0,0,0,0,0,0,0,0,0,0,0,0,0,0,0,0,0,0,0,0,0,0,0,0,0,0,0,0,0,0,30.5,30.6,32.1,31.8,33.9,30.1,30.2,27.8,27.9,33.2,26.4,30,34.9,30.9,30.4,30.4,31.8,28,32.2,32,30.2,29.7,28.7,31.2,29.3,32.7,32.8,32.7,31.3,35.1,31.7,35.3,35.6,37.4,37.1,39.2,34.9,35.3,32.4,32,37.8,29.9,34.2,40,34.9,34.6,34.9,37.1,31.7,37.4,36.4,34.6,34.2,32.8,35.6,33.8,36.7,37.8,37.8,35.6,40.3,37.4,,,,,,22.2204,114.2127
2025-12-23T05:00,19,18.5,18.1,18.9,18.2,18.2,17.9,18.2,18.8,18.7,18.1,19,18.1,18.5,18.5,18.5,17.8,18.2,17.9,18.3,18.5,18.7,17.9,18.1,19,18.5,18.4,18.5,18.4,18.8,18.7,18.8,18.5,18.4,18.8,19.5,18.4,18.2,19.1,18.7,79,74,77,76,76,76,73,76,76,73,81,72,77,78,75,79,81,78,71,78,76,74,74,76,71,80,72,78,76,79,78,74,74,78,78,70,67,77,72,77,0,0,0,0,0,0,0,0,0,0.1,0,0,0,0,0,0,0,0,0,0,0,0,0,0,0,0,0,0,0,0,0,0,0,0,0,0,0,0,0,0,11.3,11.9,19.2,13.4,10.3,13.3,8.9,15.2,16.3,11.5,16.1,15.1,13.5,13.7,17.3,15.3,11.4,13.3,9.3,9.7,12.7,12.2,12.5,12,11.4,14,12.7,11.6,11.2,13.8,10.4,11.4,9.6,11.3,13.2,12.8,11,9,12.4,13.7,,,,,,,,,,,,,,,,,,,,,,,,,,,,,,,,,,,,,,,,,19.3,19.5,19.1,19.1,18.9,19.6,19.1,19.6,19.4,19.1,19.3,18.9,18.8,19.2,19.1,19.2,19.3,19.7,19.1,19.2,19,19.4,19.4,19.4,19.4,19.1,18.5,19.1,19.4,19.1,19.2,81,82,81,82,81,82,80,81,82,81,81,82,81,80,81,81,82,81,82,82,81,81,81,81,82,81,82,81,81,81,82,0,0,0,0,0,0,0,0,0,0,0,0,0,0,0,0,0,0,0,0,0,0,0,0,0,0,0,0,0,0,0,31.3,31.4,32.7,33.2,35.4,31.1,32.2,29.4,28.6,34.3,26.4,30.8,36.1,31.1,31.6,31.7,33,30.6,33.1,33.1,30.1,31,29.7,31.6,29.5,34.3,34.5,33.1,31.9,36.7,33.4,36.7,37.1,38.5,39.2,41.8,36.4,37.8,34.6,33.5,39.6,30.6,35.6,42.1,36,36.4,37.1,39.2,34.6,39.2,38.2,35.3,36.4,34.2,36.7,34.6,38.9,40.3,39.2,37.1,42.5,39.6,,,,,,22.2204,114.2127
2025-12-23T06:00,19,18.5,18.2,19,18.2,18.2,17.8,18.2,18.7,18.8,18,19,18,18.4,18.5,18.5,17.8,18.3,18,18.2,18.6,18.7,17.9,18,19.1,18.4,18.4,18.5,18.5,18.8,18.7,18.9,18.5,18.3,18.8,19.6,18.5,18.1,19.2,18.7,78,72,74,74,75,74,73,73,75,70,80,71,75,78,72,77,79,76,70,77,74,73,72,76,70,78,71,75,75,77,76,72,72,76,75,67,65,77,69,74,0,0,0,0,0,0,0,0,0,0,0,0,0,0,0,0,0,0,0,0,0,0,0,0,0,0,0,0,0,0,0.1,0,0,0,0,0,0,0,0,0,9.5,10.7,16.4,12,9.9,11.8,7.1,13.8,14.8,8.9,15.3,11.2,12.4,12.2,13.6,14.1,10.6,12.4,8.2,9.2,12.1,10.6,10.7,10.4,10.7,12.2,11.4,11.5,9.5,12.7,10.2,9.9,8.6,10.9,11.7,11.5,10.2,7.4,9.5,12.3,,,,,,,,,,,,,,,,,,,,,,,,,,,,,,,,,,,,,,,,,19.2,19.4,19.1,19.1,18.8,19.4,19,19.6,19.4,19,19.2,18.9,18.7,19.3,19,19.1,19.3,19.6,19.1,19.1,19,19.3,19.4,19.3,19.4,19,18.4,19.1,19.4,19.1,19.1,80,81,80,81,80,81,79,80,80,80,80,81,80,79,80,80,81,81,81,81,79,80,80,80,81,80,81,80,81,80,81,0,0,0,0,0,0,0,0,0,0,0,0,0,0,0,0,0,0,0,0,0,0,0,0,0,0,0,0,0,0,0,31.3,30.6,32.9,33.4,35.6,30.8,32,29.9,27.7,34.9,25.5,30.9,36.2,31.1,31.9,31.8,31.4,31.6,32.9,34,28.1,31.6,30.4,30.9,29.7,34.6,35.3,33.2,31.3,36.1,33,37.1,36.7,39.2,39.6,42.8,36.7,37.4,35.6,32.8,41,29.9,36,42.5,36.7,37.4,37.8,37.8,36.4,39.6,40,32.8,37.8,36,36.4,35.3,40,41,40,37.1,42.5,39.2,,,,,,22.2204,114.2127
2025-12-23T07:00,18.9,18.7,18.3,19.1,18.3,18.1,17.7,18.3,18.6,18.8,18,19,18,18.4,18.6,18.6,17.9,18.3,18,18.2,18.8,18.8,17.9,18,19.2,18.4,18.4,18.6,18.5,18.9,18.8,18.9,18.6,18.3,18.8,19.7,18.5,18.1,19.3,18.8,77,69,73,72,73,74,74,70,74,69,78,71,72,77,69,74,77,74,70,76,73,71,71,75,67,76,70,73,74,75,74,70,71,75,73,65,64,76,68,71,0,0,0,0,0,0,0,0,0,0,0,0,0,0,0,0,0,0,0,0,0,0,0,0,0,0,0,0,0,0,0,0,0,0,0,0,0,0,0,0,8.2,9.3,14.1,10,9.2,10.2,5.7,11.8,12.5,6.9,13.3,9.7,11.5,10.3,10.5,13.3,10,10.8,7.3,7.7,10,9.3,9.4,8.9,9.7,10.4,11.3,11.2,8.7,11.3,10,8,7.9,10.2,10,11.1,8.5,6,7.9,10.7,,,,,,,,,,,,,,,,,,,,,,,,,,,,,,,,,,,,,,,,,19.1,19.2,19.1,19,18.8,19.1,18.9,19.5,19.5,19,19.1,18.8,18.5,19.4,19,19,19.2,19.5,19.1,18.9,19,19.2,19.2,19.2,19.3,18.9,18.4,19.1,19.2,19,19,79,80,79,80,78,81,78,79,78,79,78,80,79,78,79,79,79,80,80,79,77,78,79,79,79,78,81,79,80,78,80,0,0,0,0,0,0,0,0,0,0,0,0,0,0,0,0,0,0,0,0,0,0,0,0,0,0,0,0,0,0,0,30.8,29.3,33,32.2,35.1,30,30.6,30.3,26.1,35,24.3,30.4,35.4,31.2,31.9,31.5,28.9,32.1,32.2,34.8,24.7,32.4,31.2,29.1,29.8,34.3,35.9,33.1,30.3,34.3,31.6,36.7,35.3,40,38.9,42.8,36,36,36.4,31.3,42.1,28.8,36,41.4,37.1,38.2,37.4,34.9,37.8,39.2,41.4,29.2,38.5,37.4,34.9,35.6,40.3,41,39.6,36.4,41.4,37.4,,,,,,22.2204,114.2127
2025-12-23T08:00,19.2,18.9,18.6,19.2,18.5,18.3,17.8,18.6,18.8,18.8,18.2,19.2,18.3,18.6,18.9,19,18.2,18.6,18.3,18.4,19.1,19,18.1,18.2,19.4,18.7,18.7,18.9,18.7,19.2,19.1,19.1,18.7,18.6,18.9,20,18.6,18.4,19.5,19,74,68,71,70,72,73,76,67,72,68,76,71,69,76,69,71,75,73,69,77,72,68,71,74,66,73,69,71,75,73,71,70,70,74,71,64,66,76,68,70,0,0,0,0,0,0,0,0,0,0,0,0,0,0,0,0,0,0,0,0,0,0,0,0,0,0,0,0,0,0,0,0,0,0,0,0,0,0,0,0,7.6,7.7,11.8,9.4,9.1,9.5,4.7,10.8,10.8,7.3,11.5,9.1,10.6,8.7,8.7,13,9,9.7,6.3,6.1,7.7,8.4,8.2,8,8.4,9.4,11.4,10.3,6.9,10.7,9.4,6.4,7.7,9.4,8.4,9.5,6.6,5.4,6.9,9,,,,,,,,,,,,,,,,,,,,,,,,,,,,,,,,,,,,,,,,,19.1,19.1,19.2,18.9,18.7,19,18.8,19.5,19.5,19,19.1,18.8,18.5,19.5,19,18.9,19.2,19.4,19.2,18.8,19,19.1,19.2,19.1,19.2,18.9,18.4,19.1,19.1,19,18.9,78,78,78,79,76,79,77,77,76,78,76,79,77,77,78,77,78,79,78,78,75,76,77,78,78,77,80,77,79,77,78,0,0,0,0,0,0,0,0,0,0,0,0,0,0,0,0,0,0,0,0,0,0,0,0,0,0,0,0,0,0,0,29.8,28.2,31.9,31.3,34,28.7,29.7,29.6,25,34.5,23.2,29.3,33.5,30.7,31,30.8,26.8,31.6,31.2,34.6,22.3,32.1,30.8,27.6,29.2,33.4,35.4,32.2,29,32.7,29.5,35.6,33.5,38.9,37.8,41.4,34.6,34.6,36,29.9,41.8,27,34.9,39.2,37.1,37.4,36.7,32.4,37.8,37.8,41.4,25.9,38.5,37.4,33.1,34.6,39.6,40,38.5,34.9,40,34.9,,,,,,22.2204,114.2127
2025-12-23T09:00,19.9,19.5,19.4,19.6,19.1,18.9,18.6,19.1,19.6,19.2,19,19.7,18.9,19.1,19.5,19.6,18.8,19,18.9,19.1,19.7,19.5,19,18.7,19.8,19.4,19.6,19.7,19,19.8,19.5,19.8,19.2,19.4,19.3,20.5,19.2,19.1,20,19.6,70,65,67,68,69,70,70,64,69,65,72,69,66,73,66,69,73,71,66,73,69,66,66,72,64,68,65,67,74,70,69,67,68,70,69,62,64,72,66,67,0,0,0,0,0,0,0,0,0,0,0,0,0,0,0,0,0,0,0,0,0,0,0,0,0,0,0,0,0,0,0,0,0,0,0,0,0,0,0,0,7.8,6.6,11.4,8.9,9.2,9.4,5.7,10.6,10.8,8.5,10.7,8.9,8.9,8.2,9,12.6,9.1,9.6,6.9,6,8.7,7.2,9,7.9,8.5,9.1,12.3,9.8,7.1,10.5,9.9,6,7.4,9.4,7.2,9.2,6,5.7,7,8.5,,,,,,,,,,,,,,,,,,,,,,,,,,,,,,,,,,,,,,,,,19.3,19.4,19.5,18.8,18.9,19.1,19,19.7,19.5,19.3,19.4,18.8,18.8,19.7,19.1,19.1,19.5,19.5,19.5,19,19.2,19.2,19.3,19.3,19.4,19,18.5,19.5,19.4,19,19,76,76,76,78,75,76,76,74,75,76,74,78,75,75,76,75,77,76,76,76,74,75,75,76,77,76,79,75,77,76,76,0,0,0,0.1,0.1,0,0,0,0,0,0,0,0,0,0,0,0,0,0,0,0,0,0,0,0,0,0,0,0,0,0,28.7,27,29.7,29.8,31.7,26,29.7,27.9,25,32.9,21.8,27.4,30,30,29,30.1,26.6,29.8,29.1,33.3,21.3,30.8,28.4,26.1,26.8,32,34.3,29.9,27,31.7,26.7,33.5,31.7,35.6,36,37.8,31,33.8,33.5,29.5,39.6,24.8,32.4,34.6,36,34.6,34.9,31.7,35.6,34.9,39.2,24.1,36.7,34.6,30.6,31,37.4,38.2,35.3,31.7,38.5,30.6,,,,,,22.2204,114.2127
2025-12-23T10:00,20.6,20.3,20.2,20.1,19.8,19.7,19.6,19.6,20.5,19.7,19.8,20.2,19.6,19.8,20.3,20.6,19.5,19.4,19.7,19.9,20.3,20.4,19.9,19,20.3,20.3,20.5,20.6,19.5,20.7,20.1,20.7,19.7,20.2,19.7,21,20.1,19.9,20.5,20.1,67,62,64,65,65,66,64,62,64,63,68,67,63,69,63,65,70,71,62,69,67,61,62,70,63,63,61,63,72,66,67,63,66,66,66,60,60,68,64,65,0,0,0,0,0,0,0,0,0,0,0,0,0,0,0,0,0,0,0,0,0,0,0,0,0,0,0,0,0,0,0,0,0,0,0,0,0,0,0,0,8,6.6,12.2,9.3,10.1,10.1,7.1,10.2,14.3,8.4,11.6,9.4,8.4,10.8,9.4,13.9,11,10.7,8.4,6.5,8.9,7.6,11.9,8.3,9.1,9.8,14.4,9.6,7.9,10.7,10.2,6.2,6.9,10,7.9,10.7,6.5,6.8,7.5,8.6,,,,,,,,,,,,,,,,,,,,,,,,,,,,,,,,,,,,,,,,,19.5,19.8,19.8,18.6,19.1,19.5,19.1,20,19.5,19.6,19.8,18.8,19.2,20,19.5,19.5,19.8,19.7,19.9,19.4,19.4,19.4,19.5,19.5,19.5,19.4,18.8,19.8,19.7,19,19.3,74,74,72,78,73,72,76,71,74,73,72,77,73,73,73,74,75,73,73,74,73,74,72,74,75,75,79,72,74,75,75,0,0,0,0.1,0.1,0,0,0,0,0,0,0,0,0,0,0,0,0,0,0,0,0,0,0,0,0,0,0,0,0,0,27.1,25.9,26.6,28,28.6,22.5,29.7,25.1,25.6,30.5,20,24.7,25.7,29,26.5,29,27.4,27.1,25.9,31,20.7,28.7,25,24.3,23,29.9,32.2,27.1,23.8,31,22.9,30.6,29.9,31.3,33.8,32.8,25.9,33.1,29.5,29.5,36.4,22,28.4,28.4,34.2,30.6,32.8,31.3,32,31,35.6,23,33.8,29.9,27.4,25.9,34.2,35.3,31,27.7,36.7,25.6,,,,,,22.2204,114.2127
2025-12-23T11:00,21.5,20.9,21.1,20.6,20.9,20.6,20.6,20.4,21.4,20.4,20.6,20.8,20.4,20.8,21.1,21.4,20.1,19.7,20.5,20.7,20.9,21.3,20.8,19.1,20.8,21.2,21.4,21.5,20.1,21.6,20.2,21.5,20.4,20.9,20.1,21.7,21,20.9,21.2,20.8,63,61,61,64,60,62,59,60,60,61,64,65,59,64,60,62,68,70,59,66,65,58,58,69,62,59,58,60,70,62,66,60,64,64,65,59,57,63,61,62,0,0,0,0,0,0,0,0,0,0,0,0,0,0,0,0,0,0,0,0,0,0,0,0,0,0,0,0,0,0,0.1,0,0,0,0,0,0,0,0,0,10.9,7.7,14.1,8,12.6,11.5,9,9.2,15.5,8.7,12.1,9.5,9.4,11.6,10.2,13.7,11.3,10.4,10.1,6.7,8.1,9.8,13.9,7.6,10,12.3,14.3,10,7.7,11.9,9,8.1,7.4,11.2,8.7,12.5,6.6,7.1,7.1,8.9,,,,,,,,,,,,,,,,,,,,,,,,,,,,,,,,,,,,,,,,,19.8,20,20.1,18.7,19.3,19.8,19.3,20.2,19.6,19.9,20.1,18.9,19.5,20.2,19.8,19.8,20,19.9,20.2,19.6,19.5,19.5,19.7,19.8,19.6,19.6,19,20.1,20,19,19.5,72,72,70,77,73,69,75,68,72,71,70,75,71,71,71,72,74,70,70,73,72,73,70,72,74,74,78,70,71,74,73,0,0,0,0.1,0.1,0,0,0,0,0,0,0,0,0,0,0,0,0,0,0,0,0,0,0,0,0,0,0,0,0,0,25.3,24.7,23.8,26.2,26.2,20,29.3,23.1,25,28,18.3,22.1,22.1,27.8,24.2,27.4,27.1,24.9,23.1,29.1,20,26.7,21.8,22.7,20.4,27.7,29.9,24.5,21.2,29.4,20.3,28.1,28.1,27,31,28.8,22.3,32,26.6,28.4,32.8,19.8,24.8,23.4,31.7,27,29.9,30.2,28.8,27,32.4,21.6,31.3,25.9,24.5,22.3,31,32.4,27.4,24.1,34.2,21.6,,,,,,22.2204,114.2127
2025-12-23T12:00,22.3,21.5,21.9,21.3,21.9,21.4,21.5,21,22,21.1,21,21.6,21.3,21.7,21.9,22,20.6,20.4,21.4,21.1,21.3,22.2,21.3,19.3,21.2,22.1,22.1,22.1,20.9,22.4,20.7,22.4,21.1,21.6,20.5,22.6,21.6,21.8,21.9,21.1,59,58,58,63,57,59,56,59,58,59,62,61,56,61,56,60,65,67,56,63,64,55,57,69,61,56,56,58,66,59,63,56,60,62,63,56,55,59,57,60,0,0,0,0.1,0,0,0,0,0,0,0,0,0,0,0,0,0,0,0,0,0,0,0,0,0,0,0,0,0,0,0,0,0,0,0,0,0,0,0,0,11.4,9.8,15.2,7.4,13,12.5,10,9.4,14.9,7.6,12.1,9.5,10.8,12.1,10.9,12.9,11.7,10.6,12.2,6.9,9.2,12.4,14.9,5.4,11.3,12.7,13.2,11,9.2,12.3,10.5,9.1,8,12.2,6.7,13.1,6.6,8.7,7.1,9.9,,,,,,,,,,,,,,,,,,,,,,,,,,,,,,,,,,,,,,,,,20.1,20.3,20.4,19,19.2,20,19.5,20.5,20.1,20.1,20.4,19.1,19.9,20.4,20,20,20.4,20.3,20.6,19.8,19.5,19.8,20,20.1,20,19.9,19.2,20.4,20.4,19.4,19.8,70,70,68,75,74,68,75,67,69,69,69,73,70,69,70,70,72,67,68,72,71,73,67,71,72,72,76,69,68,72,72,0,0,0,0,0.3,0,0,0,0,0,0,0,0,0,0,0,0,0,0,0,0,0,0,0,0,0,0,0,0,0,0,22.9,23,20.3,23.2,24.4,18.9,27.9,22.3,22.2,25.3,16.8,19.3,19.8,24.7,22.4,23.9,24.8,23,20.1,27.7,17.8,25.4,19.8,21.3,19.3,25.5,26.6,23,18.6,26.5,18.7,25.6,25.9,23,27.4,26.3,20.9,30.2,25.6,24.8,29.2,18.4,21.2,20.9,27.7,24.8,26.3,27.4,26.6,23,30.6,19.1,29.5,23,22.7,20.9,28.1,29.2,25.6,21.2,30.6,19.8,,,,,,22.2204,114.2127
2025-12-23T13:00,22.9,22,22.4,21.6,22.6,21.9,22.2,21.4,22.3,21.7,21.1,22.4,22.1,22.5,22.5,22.3,20.9,20.9,22.1,21.4,21.6,22.8,21.7,19.6,21.4,22.6,22.5,22.5,21.4,23,20.9,23.1,21.6,22,20.9,23.2,22,22.6,22.6,21.3,57,57,56,62,53,57,53,57,57,57,62,57,53,58,54,59,65,65,54,63,63,53,55,69,61,55,55,57,64,57,61,53,58,60,62,54,53,56,54,59,0,0,0,0,0,0,0,0,0,0,0,0,0,0,0,0,0,0,0,0,0,0,0,0,0,0,0,0,0,0,0,0,0,0,0,0,0,0,0,0,11.6,10.8,15.8,8.9,13.2,12.6,10.9,12.2,14.8,6.6,11.6,11.4,11.3,12.6,10.3,12.4,11.4,11.2,12.7,6.1,9.7,14.8,15.5,4.1,10.8,13.1,12.1,10.9,9.7,12.4,11.5,9.6,11.3,12.1,6.6,13.8,5.4,10.5,8.8,8,,,,,,,,,,,,,,,,,,,,,,,,,,,,,,,,,,,,,,,,,20.5,20.5,20.6,19.5,19,20.3,19.5,20.5,20.6,20.4,20.6,19.6,20.1,20.6,20.2,20.2,20.7,20.8,21,20,19.5,19.9,20.5,20.5,20.4,20.1,19.4,20.5,20.8,19.7,20,68,69,68,72,76,67,74,67,66,68,68,70,69,68,68,69,69,65,66,71,71,73,65,70,71,70,74,68,66,70,71,0,0,0,0,0.3,0,0,0,0,0,0,0,0,0,0,0,0,0,0,0,0,0,0,0,0,0,0,0,0,0,0,20.7,21.3,17.2,19.8,22.7,19.1,26.1,22,17.9,22.9,15.7,16.6,18.8,21.1,21.3,20.5,21.9,21.6,16.8,26.8,15.1,24.5,18,20.3,19,22.9,22.6,22.2,16.3,22.9,18.3,23,23.4,19.4,23.4,24.8,20.9,28.1,25.2,20.2,25.6,17.3,18,19.8,23.4,23,22.7,23.4,24.8,19.4,29.5,16.6,27.7,20.9,21.2,20.5,25.6,25.6,24.8,18.7,26.3,19.1,,,,,,22.2204,114.2127
2025-12-23T14:00,23,22.3,22.5,21.9,22.7,22.3,22.4,21.6,22.2,22.1,21.2,22.9,22.6,23,22.9,22.6,21,21.4,22.3,21.7,21.9,23,21.9,20,21.5,22.9,22.8,22.7,21.7,23.1,20.8,23.5,21.9,22.1,21.2,23.4,22.4,23,23.1,21.6,57,56,56,61,53,55,52,56,57,55,63,55,52,57,52,60,65,64,54,61,63,53,54,67,62,54,55,57,63,57,62,52,57,60,62,53,52,54,51,58,0,0,0,0,0,0,0,0,0,0,0,0,0,0,0,0,0,0,0,0,0,0,0,0,0,0,0,0,0,0,0,0,0,0,0,0,0,0,0,0,12.6,11.8,16.6,10.5,14,11.5,12.2,13.5,14.5,6.1,10.9,12.7,12.4,12.4,10,11.4,10.9,9.9,13.3,6,8.7,15.5,14.8,3.8,9.7,12.8,11.2,10.4,8.7,11.5,12.3,10.5,10.5,12.1,6.7,15.2,6.8,11.9,9.8,7.3,,,,,,,,,,,,,,,,,,,,,,,,,,,,,,,,,,,,,,,,,20.6,20.6,20.7,19.8,18.9,20.5,19.6,20.6,21,20.5,20.8,19.9,20.2,20.6,20.4,20.4,20.9,21,21.2,20,19.6,20,20.6,20.6,20.6,20.2,19.6,20.7,21,20,20.1,67,68,67,70,77,68,74,67,64,67,67,68,68,67,68,68,68,64,65,71,70,73,64,69,70,69,72,67,65,68,70,0,0,0,0,0.3,0,0,0,0,0,0,0,0,0,0,0,0,0,0,0,0,0,0,0,0,0,0,0,0,0,0,19.8,20.2,15.9,17.3,21.4,19.9,24.4,21.8,15.5,21.5,15.5,14.5,18.2,19.4,20.8,18.7,19.6,20.7,14.8,25.7,13.6,23.7,17.4,19.6,19.8,21.5,19.7,21.3,15.6,20.1,18.6,21.6,22,16.9,20.5,23.8,21.2,26.6,24.8,17.3,23,16.9,15.5,19.4,20.9,22.3,20.5,20.9,23.8,17.3,28.4,14.8,26.6,19.8,20.5,21.2,23.8,23,24.1,17.3,23.4,19.1,,,,,,22.2204,114.2127
2025-12-23T15:00,22.9,22.4,22.3,21.8,22.4,22.3,22.2,21.7,22.1,22.3,21.3,23,22.5,23.1,23.1,22.6,21,21.5,22,22.1,22.2,22.7,21.9,20,21.6,22.8,22.9,22.7,21.9,23,20.9,23.5,21.8,22.1,21.3,23.2,22.4,23,23.2,21.7,59,56,58,62,56,55,53,57,58,55,63,55,53,58,52,61,65,64,56,60,63,54,54,70,62,55,56,57,62,58,62,52,58,61,62,55,52,55,51,58,0,0,0,0,0,0,0,0,0,0,0,0,0,0,0,0,0,0,0,0,0,0,0,0,0,0,0,0,0,0,0,0,0,0,0,0,0,0,0,0,10.5,11.8,17.7,12,14.5,12,13.1,14,13.8,5.2,10.3,12.4,13.3,12.4,10.7,10.7,10.1,13,13.2,6.2,7.6,16.5,13.3,3.4,9.7,12.7,10.8,9.2,8.3,11.6,10.1,11.2,10.8,11.5,7.1,15.5,6.8,11.6,11.2,7.4,,,,,,,,,,,,,,,,,,,,,,,,,,,,,,,,,,,,,,,,,20.7,20.6,20.8,19.9,19,20.4,19.6,20.6,21.1,20.6,21,20,20.4,20.6,20.4,20.5,21,20.9,21.2,20.1,19.9,20,20.6,20.8,20.6,20.4,19.9,20.9,21.1,20.2,20.2,68,69,67,69,77,70,74,68,64,67,67,67,68,68,68,68,68,65,66,71,69,73,65,69,71,69,70,67,66,67,70,0,0,0,0,0.1,0,0,0,0,0,0,0,0,0,0,0,0,0,0,0,0,0,0,0,0,0,0,0,0,0,0,20.3,20.6,15.8,16.6,20.4,21,23.5,21.6,15.7,20.5,16.4,12.9,18.8,20.9,21.2,19.1,18.9,21.3,15.6,25,13.9,23.1,18.2,20.1,21.1,21.6,18.5,20.3,16.4,19.4,19.5,22,22,16.2,19.8,23,22.3,25.9,24.5,17.3,21.6,17.6,14,20.2,22,22.7,20.9,20.5,24.5,17.6,27.4,14.8,25.9,20.2,21.2,23,23.8,22,22.7,17.6,22.3,19.8,,,,,,22.2204,114.2127
2025-12-23T16:00,22.6,22.3,21.9,21.5,21.7,21.8,21.6,21.5,21.7,22.3,21.2,22.7,22.1,22.7,22.9,22.4,20.8,21.1,21.5,22.1,22.1,22.2,21.6,19.9,21.6,22.5,22.7,22.6,22,22.4,21,23.1,21.7,21.9,21.3,22.6,22.1,22.7,22.8,21.6,61,57,60,64,60,58,56,59,61,55,65,57,55,60,53,63,66,66,57,60,63,56,55,72,63,57,57,58,62,61,64,54,59,62,63,59,53,55,54,60,0,0,0,0,0,0,0,0,0,0,0,0,0,0,0,0,0,0,0,0,0,0,0,0,0,0,0,0,0,0,0,0,0,0,0,0,0,0,0,0,8.9,10,15.6,10.4,12.2,11.5,12.2,11.8,11.6,6.1,9.8,11.2,11.9,12.6,10.5,10,7.6,12,9.6,6.6,7.6,12.5,11.9,4,8.4,11.9,10.4,8.8,7.1,10.5,9.8,10.4,9,10.8,6,15.1,7.2,9.1,9.8,8.3,,,,,,,,,,,,,,,,,,,,,,,,,,,,,,,,,,,,,,,,,20.6,20.5,20.7,20,19.2,20.2,19.6,20.5,21.1,20.5,21,19.9,20.5,20.5,20.3,20.5,20.9,20.5,21.1,20.2,20.1,20,20.5,20.8,20.4,20.4,20,21,21,20.2,20.2,69,70,67,69,76,73,74,70,65,68,68,67,68,70,69,68,69,68,67,70,69,74,68,70,73,69,69,66,68,67,70,0,0,0,0,0.1,0,0,0,0,0,0,0,0,0,0,0,0,0,0,0,0,0,0,0,0,0,0,0,0,0,0,21.7,21.6,15.8,16.9,19.9,22.4,23.1,21.4,17.5,20.2,17.7,12.1,20.2,23.8,22.1,20.5,19.2,23.2,17.5,24.3,14.8,22.5,19.8,21.3,23.2,22.2,18.6,19,18.1,19.8,20.9,23.8,23,16.6,20.2,22.3,23.8,25.9,24.5,18.7,21.2,19.1,13.3,22,24.8,23.8,22.7,20.9,25.9,19.1,26.3,15.8,25.2,21.6,22.7,25.6,24.8,21.6,21.2,19.1,22.3,21.2,,,,,,22.2204,114.2127
2025-12-23T17:00,22.3,21.9,21.4,21.2,21.2,21.1,21.1,21.2,21.4,21.7,20.9,22.2,21.4,21.8,22.3,22,20.4,20.5,21,21.9,21.8,21.5,21,19.7,21.4,21.8,22,22.2,21.6,21.9,20.8,22.4,21.4,21.5,21,22.1,21.5,22.2,22.2,21.3,64,59,61,67,60,63,58,61,63,57,66,60,57,64,57,65,67,69,60,62,66,59,58,74,64,61,61,61,65,64,66,57,61,64,65,62,56,57,56,62,0,0,0,0,0,0,0,0,0,0,0,0,0,0,0,0,0,0,0,0,0,0,0,0,0,0,0,0,0,0,0,0,0,0,0,0,0,0,0,0,8,7.9,14.6,8,9.9,10.4,9.9,8.9,10.1,7.5,8.3,8.8,10,10.9,9,8,7.3,9.6,7.3,6.8,7.3,10.6,9.4,4.9,6.6,9.5,10.5,7.2,5.8,9.4,9,7.9,8.3,11.5,6.1,11.5,5.8,8.5,9.5,9,,,,,,,,,,,,,,,,,,,,,,,,,,,,,,,,,,,,,,,,,20.5,20.4,20.6,20,19.5,20,19.6,20.5,21,20.5,21,19.9,20.5,20.3,20.2,20.5,20.7,20.2,21,20.2,20.2,20,20.4,20.8,20.2,20.4,20.1,21,20.9,20.2,20.2,71,72,68,70,75,76,74,72,67,69,69,67,69,72,70,69,71,71,69,71,69,74,70,71,75,70,68,67,70,68,71,0,0,0,0,0.1,0,0,0,0,0,0,0,0,0,0,0,0,0,0,0,0,0,0,0,0,0,0,0,0,0,0,22.7,22.3,16.6,17.9,19.4,22.8,22.7,21.6,19.1,19.8,19.1,12.6,21.3,25.6,22.8,21.6,19.8,24.2,19.1,23.7,16.6,22.1,21.4,22.3,24.3,22.9,19.2,18.6,19.2,20.6,22,25.2,24.1,17.6,20.9,22.3,24.8,25.9,24.8,20.5,21.6,20.9,13.7,23.8,27.4,24.5,24.5,21.6,27,20.5,25.9,17.6,24.8,23,24.1,27.4,25.9,22,20.5,20.2,23,22.7,,,,,,22.2204,114.2127
2025-12-23T18:00,21.8,21.2,20.7,20.8,20.6,20.4,20.3,20.7,20.9,20.9,20.4,21.6,20.7,20.8,21.6,21.5,19.8,19.8,20.1,21.1,21.3,20.5,19.9,19.5,21.1,20.9,21.1,21.5,20.9,21.3,20.4,21.5,20.9,20.9,20.5,21.7,20.7,21.3,21.6,20.8,68,64,65,70,63,65,63,64,67,61,69,65,61,67,61,69,70,73,65,67,69,64,64,75,66,66,66,65,70,67,69,61,64,68,68,64,61,62,59,66,0,0,0,0.1,0,0,0,0,0,0,0,0,0,0,0,0,0,0,0,0,0,0,0,0,0,0,0,0,0,0,0,0,0,0,0,0,0,0,0,0,6.6,6.1,10.8,6.9,8.8,11.5,8,8,8.6,7.1,8.3,8,9.3,8.1,8,7.6,6.6,6.8,5.1,6.9,7.1,8.3,7.5,5.9,5.3,7.9,8.7,5.8,7.3,8.3,7.9,6.9,7.6,11.7,6.5,9.7,5.7,6.2,9.6,7.9,,,,,,,,,,,,,,,,,,,,,,,,,,,,,,,,,,,,,,,,,20.4,20.3,20.6,20.1,19.8,19.9,19.6,20.5,20.9,20.4,20.9,20,20.5,20.2,20.1,20.3,20.5,20.1,20.8,20.1,20.2,20,20.3,20.6,20.1,20.3,20.2,20.9,20.8,20.1,20.1,73,74,69,71,75,79,75,75,69,71,71,68,71,74,71,71,73,73,72,73,71,75,72,73,76,71,69,69,72,70,73,0,0,0,0,0,0,0,0,0,0,0,0,0,0,0,0,0,0,0,0,0,0,0,0,0,0,0,0,0,0,0,23.1,22.3,18,18.9,19.8,22.1,22.3,21.8,19.9,20.2,20.2,15.1,22,25.6,22.8,22.7,19.8,23.8,19.1,23.7,18.8,21.5,21.3,22.9,24.6,22.9,20.2,19.2,19.6,21.4,22.7,26.3,24.8,19.4,22.7,23,24.8,25.9,25.9,22,22.7,22.7,16.6,25.6,28.4,25.2,26.3,22,27.4,20.9,26.6,20.9,24.5,23.8,25.6,28.1,26.3,23,21.6,20.9,24.5,24.5,,,,,,22.2204,114.2127
2025-12-23T19:00,21.5,20.5,20.1,20.7,20.3,20.2,19.7,20.3,20.5,20.2,20.3,21.1,20.3,20.2,21.1,21.1,19.5,19.4,19.3,20.6,20.8,19.9,19.1,19.5,20.9,20.2,20.4,20.9,20.7,21,20.3,20.8,20.6,20.6,20.2,21.5,20.1,20.5,21.3,20.4,72,70,70,72,66,67,67,68,71,67,70,69,64,71,66,72,72,77,71,71,73,68,71,76,68,71,71,70,70,71,70,67,67,71,71,66,65,69,62,69,0,0,0,0.1,0,0,0,0,0,0,0,0,0,0,0,0,0,0,0,0,0,0,0,0,0,0,0,0,0,0,0,0,0,0,0,0,0,0,0,0,6.5,5.8,8.9,6.5,7.7,11.8,5.8,6.9,8.7,6.2,9.4,7,7.2,6.5,7.6,8,7,5.6,5.1,6.6,6.2,8,7,6.7,5.5,7.2,7.6,5.8,9.3,7.6,8.3,5.4,6.6,9.5,6.6,8.3,6,4.7,9.2,7.6,,,,,,,,,,,,,,,,,,,,,,,,,,,,,,,,,,,,,,,,,20.2,20.2,20.5,20.1,20,19.9,19.6,20.5,20.7,20.2,20.8,20,20.3,20,20,20,20.4,20.1,20.5,20,20,20,20.2,20.4,20,20.2,20.1,20.6,20.5,20,20,75,76,71,73,76,82,77,78,70,73,74,69,73,76,71,73,76,75,74,75,73,75,74,75,77,73,71,72,75,73,75,0,0,0,0,0,0,0,0,0,0,0,0,0,0,0,0,0,0,0,0,0,0,0,0,0,0,0,0,0,0,0,23.1,21.6,19.4,20.3,20.2,21,22.3,22.5,20.3,20.5,20.9,18.4,22.5,24.5,22.4,23.8,19.6,23.3,18.8,23.7,21.3,20.7,21,23.2,23.8,22.2,21.6,20.2,19.2,22.3,23.1,27,25.2,22,24.8,24.1,24.1,26.3,27.7,23.4,24.5,24.5,20.5,27.4,28.4,25.6,28.4,22.3,27.4,20.9,27.7,25.2,24.5,24.5,26.6,28.4,26.6,24.8,23.8,21.2,26.3,26.6,,,,,,22.2204,114.2127
2025-12-23T20:00,21.3,19.9,19.7,20.6,20.1,20.2,19.1,20.1,20.3,19.6,20.5,20.9,19.9,19.6,20.7,20.9,19.3,19.2,18.8,20.2,20.5,19.5,18.6,19.5,20.8,19.8,19.8,20.6,20.7,20.8,20.3,20.3,20.2,20.3,20,21.4,19.9,20,21.1,20.2,75,75,73,74,68,68,73,72,74,73,69,71,69,75,71,75,73,79,75,74,77,72,76,75,70,76,76,73,70,74,72,72,73,75,73,68,68,74,65,72,0,0,0,0.2,0,0,0,0,0,0,0,0,0,0,0,0,0,0,0,0,0.1,0,0,0.1,0,0,0,0,0,0,0,0,0,0,0,0,0,0,0,0,6.3,5.8,8.4,6.5,7,9.8,4,6.5,8.4,5.8,9.4,6.5,5.8,5.4,6.8,6.8,5.4,4.8,5.1,5.4,3.7,6.2,6.3,7,5.2,5.9,6.5,6.6,8.6,7.2,8,5,3.7,6.7,6.8,7.6,5.2,4.7,8.3,6.9,,,,,,,,,,,,,,,,,,,,,,,,,,,,,,,,,,,,,,,,,20,20.1,20.5,20.1,20.1,19.8,19.6,20.5,20.5,20.1,20.6,20,20.1,20,20,19.7,20.2,20.1,20.4,19.9,19.9,20.1,20.2,20.2,20,20.1,20.1,20.4,20.4,19.8,19.9,77,78,72,74,77,85,78,80,72,75,76,70,75,77,72,75,78,76,77,77,75,76,75,77,78,74,72,74,77,75,77,0,0,0,0,0,0,0,0,0,0,0,0,0,0,0,0,0,0,0,0,0,0,0,0,0,0,0,0,0,0,0,22.5,21,20.2,20.7,20.3,19.5,21.9,22.9,20.1,20.5,20.9,20.5,22.8,23.5,21.6,24.1,19.4,22.4,18,23.3,23.1,19.9,20,23.2,23.1,21.5,22,20.5,18.6,22.9,23.1,27,25.2,23.4,26.3,24.8,23,26.3,28.8,24.1,25.2,25.6,23.4,28.1,28.4,25.6,29.5,22.7,27,20.9,28.4,28.1,24.1,24.8,27.7,28.1,26.6,25.9,24.8,21.2,28.1,27.7,,,,,,22.2204,114.2127
2025-12-23T21:00,21.1,19.5,19.3,20.6,20,20,18.5,19.9,20.1,19.1,20.6,20.7,19.6,19.1,20.4,20.6,18.9,19.1,18.5,19.8,20.1,19.2,18.3,19.3,20.7,19.3,19.3,20.6,20.5,20.7,20.3,19.9,19.8,19.9,19.9,21.3,19.6,19.5,20.9,20,78,77,77,75,71,72,78,76,78,78,70,73,72,80,75,80,77,81,77,78,83,77,79,77,71,82,81,73,74,76,74,76,78,78,76,70,72,78,69,75,0,0,0,0,0,0,0,0,0,0,0,0,0,0,0,0,0,0,0,0,0.2,0,0,0.1,0,0,0,0,0,0,0,0,0,0,0,0,0,0,0,0,6,5.8,7.6,5.9,6.5,5.2,3.8,6.2,6.6,5.5,7.9,5.8,5.9,4.5,5.9,5.4,3.4,4.4,4.7,5.4,3.9,4.3,5.6,5.2,4.5,5.4,5.8,7.3,5.8,6.9,6.9,4.7,4.6,6.6,5.6,7,4,5.4,7.6,6.5,,,,,,,,,,,,,,,,,,,,,,,,,,,,,,,,,,,,,,,,,20.1,20.2,20.4,20.2,20.2,19.9,19.8,20.5,20.5,20.1,20.5,20.1,20.2,20,20.1,19.7,20.2,20.2,20.3,20,20,20.2,20.4,20.3,20.1,20.2,20.1,20.4,20.4,19.8,20,77,79,73,75,78,86,79,81,73,76,78,71,76,77,72,75,79,76,79,77,75,76,76,77,78,75,73,75,78,76,77,0,0,0,0,0,0,0,0,0,0,0,0,0,0,0,0,0,0,0,0,0,0,0,0,0,0,0,0,0,0,0,21.3,20,19.5,19.8,19.7,18.5,21.7,22.5,19.1,19.5,20.3,20.5,22.4,22.6,20.6,22.8,18.8,21.7,17.3,22.3,23.3,18.9,19.1,22.6,21.8,20.5,21.4,19.9,17.6,23.3,22.3,25.9,24.8,23,25.6,24.5,22,26.6,28.8,23.4,24.5,25.6,23.4,27.7,27.7,25.2,29.2,22.7,26.6,20.5,27.4,28.8,23,24.5,28.1,27,25.9,25.2,24.5,20.5,29.5,27.7,,,,,,22.2204,114.2127
2025-12-23T22:00,20.9,19.1,18.9,20.5,19.7,19.5,18.1,19.8,19.7,18.6,20.3,20.6,19.3,18.7,20.2,20.2,18.6,19,18.3,19.6,19.8,18.9,18.1,19,20.7,18.7,19,20.7,20.1,20.7,20.1,19.6,19.5,19.7,19.7,21.1,19.3,19.2,20.8,19.8,79,80,81,77,75,79,82,79,82,82,74,76,74,83,80,84,79,81,79,79,86,80,82,81,72,87,85,73,78,77,77,80,81,79,79,74,75,80,72,78,0,0,0,0.3,0,0,0,0,0,0,0,0,0,0,0,0,0,0,0,0,0,0,0,0.1,0,0,0,0,0,0,0,0,0,0,0,0,0,0,0,0,5.9,5.2,7.1,5.4,5.9,5.2,3.6,6.4,6.4,4.8,5.7,5.2,5.6,4.3,5.2,5.6,3.3,4.7,4.2,5.4,3.4,4.6,5.8,4.6,3.8,5.3,5.8,7.2,5.4,6.9,5.8,5.1,4.3,6.8,4.7,6,4,5.9,6.4,6.6,,,,,,,,,,,,,,,,,,,,,,,,,,,,,,,,,,,,,,,,,20.2,20.2,20.4,20.2,20.1,20,19.8,20.5,20.6,20.2,20.5,20,20.2,20.1,20.2,19.8,20.2,20.4,20.3,20.1,20,20.4,20.5,20.4,20.2,20.2,20.2,20.4,20.4,19.8,20.2,77,79,73,75,79,87,80,80,74,76,79,72,76,77,72,75,80,75,80,77,75,76,76,77,77,75,73,76,79,75,76,0,0,0,0,0,0,0,0,0,0,0,0,0,0,0,0,0,0,0,0,0,0,0,0,0,0,0,0,0,0,0,19.4,19.1,17.8,18.3,18.9,17.5,21.6,22.3,17.6,18.2,19.4,19.1,21.3,21.6,19.2,21,18.2,21.1,16.6,21,22.4,17.6,18.1,21.8,20.3,19.4,19.8,18.8,16.6,24.1,21.7,24.5,23.8,21.6,23.8,23.8,20.9,26.6,28.4,22,23,24.5,22.3,26.3,26.6,24.5,27.7,22.3,26.3,19.8,25.9,28.1,21.6,23.4,27.7,25.2,24.5,23.8,23.4,19.8,30.2,26.6,,,,,,22.2204,114.2127
2025-12-23T23:00,20.7,18.7,18.7,20.3,19.4,19.2,17.8,19.8,19.5,18.3,19.9,20.3,19,18.4,20,20.1,18.4,19,18.1,19.3,19.7,18.7,17.9,18.7,20.5,18.4,18.7,20.5,19.9,20.7,20,19.5,19.4,19.6,19.6,20.8,19.1,19,20.7,19.7,80,85,84,79,79,82,85,80,84,86,79,79,76,86,84,86,80,81,81,82,88,81,85,84,74,90,89,74,80,78,80,82,82,79,81,77,77,82,74,79,0,0,0,0.4,0,0,0,0,0,0,0,0,0,0,0,0,0,0,0,0,0,0,0,0.1,0,0,0,0,0,0,0,0,0,0,0,0,0,0,0,0,5.4,4.5,6.6,5.4,5.5,4.7,3.6,6.2,5.9,4.3,5.4,4.8,5.1,3.6,4.2,5.9,3.7,4.7,3.9,4.7,3.4,4.6,5.8,5,4.4,4.8,5.1,6.7,5.8,6.4,6.2,4.8,4.2,6.6,5,6.1,4.3,5.6,6.3,7,,,,,,,,,,,,,,,,,,,,,,,,,,,,,,,,,,,,,,,,,20.3,20.2,20.3,20.2,20,20,19.9,20.4,20.6,20.3,20.5,20,20.2,20.2,20.4,19.8,20.3,20.5,20.3,20.2,20.1,20.4,20.5,20.5,20.2,20.2,20.2,20.4,20.4,19.9,20.4,77,80,74,76,80,87,80,80,74,76,80,73,76,77,72,74,80,75,81,77,75,76,76,77,77,75,73,77,80,75,75,0,0,0,0,0,0,0,0,0,0,0,0,0,0,0,0,0,0,0,0,0,0,0,0,0,0,0,0,0,0,0,18.2,18.4,16.6,17.5,18.3,16.6,21.2,22.3,16.7,17.2,19.1,18,20.2,20.7,18.3,20,17.6,20.5,15.7,19.6,21.6,16.3,17.3,21.4,19,18.4,18.2,17.9,16.1,24,20.9,23,23,20.2,22.3,23,19.8,26.3,28.1,20.9,22,23.8,21.2,24.8,25.6,23.4,26.3,22,25.9,19.1,24.5,27.4,20.2,22.3,27.4,23.8,23,22,22.3,19.1,30.2,25.9,,,,,,22.2204,114.2127
2025-12-24T00:00,20.5,18.4,18.5,20.2,19.1,18.9,17.5,19.7,19.4,18.2,19.6,20.1,18.8,18.2,19.8,19.9,18,19,18,18.9,19.6,18.5,17.8,18.7,20.5,18.2,18.5,20.2,19.7,20.6,19.9,19.3,19.3,19.4,19.5,20.7,18.9,18.9,20.7,19.6,81,88,86,80,82,85,88,82,86,88,83,81,79,88,86,87,82,81,82,85,89,82,87,83,74,92,91,77,81,80,81,84,83,80,83,79,78,83,75,80,0,0,0,0.4,0,0,0,0,0,0,0,0,0,0,0,0,0,0,0,0,0,0,0,0,0,0,0,0,0,0,0,0,0,0,0,0,0,0,0,0,5.3,4.1,6.6,5.2,5.2,3.2,3.1,5.4,5.8,4.4,4.3,5.3,4.9,3.8,4.5,5.5,3.9,4.7,3.9,4.2,2.1,4.6,5.1,5.7,4.6,4.8,5,5.7,5.3,5.8,6.2,4.8,3.9,5.9,5.2,6,3.6,5.1,5.2,6.5,,,,,,,,,,,,,,,,,,,,,,,,,,,,,,,,,,,,,,,,,20.4,20.2,20.2,20.2,20,20.1,19.9,20.4,20.6,20.3,20.4,20.1,20.2,20.2,20.4,19.9,20.4,20.5,20.3,20.2,20.1,20.4,20.5,20.5,20.3,20.3,20.2,20.4,20.4,20,20.5,77,81,75,77,79,87,80,79,74,76,80,74,76,77,72,74,80,75,81,78,76,76,76,78,77,75,73,77,80,74,75,0,0,0,0,0,0,0,0,0,0,0,0,0,0,0,0,0,0,0,0,0,0,0,0,0,0,0,0,0,0,0,17.5,18.1,15.6,17.5,18.4,15.7,20.1,22.4,16.7,17.3,18.8,17.8,19,20.2,17.8,19.6,16.9,19.8,15,19,21.9,14.9,16.1,21.3,17.9,17.1,16.3,17.6,16.3,21.9,20.6,22,22.3,19.1,22,23,18.7,25.2,28.4,20.5,21.6,23.4,20.9,23.8,24.5,22.3,25.2,20.9,25.6,18.7,23.4,27.4,18.7,20.9,27,23,21.6,19.8,22,19.4,28.1,25.6,,,,,,22.2204,114.2127
2025-12-24T01:00,20.3,18.3,18.3,20.2,19,18.6,17.3,19.6,19.3,18.2,19.3,20.1,18.5,18.1,19.8,19.9,17.7,18.9,17.9,18.6,19.6,18.4,17.6,18.7,20.5,18,18.4,19.8,19.6,20.5,19.8,19.4,19.3,19.2,19.5,20.7,18.6,18.8,20.6,19.6,82,90,88,81,84,88,90,85,87,87,87,81,81,88,86,88,84,82,83,87,90,84,89,83,74,92,92,81,82,82,82,83,84,82,83,80,81,82,78,81,0,0,0,0.2,0,0,0,0,0,0,0,0,0,0,0,0,0,0,0,0,0,0,0,0,0,0,0,0,0,0,0,0,0,0,0,0,0,0,0,0,5.2,4.1,6.4,5.5,5.9,3.8,2.8,5.2,5.5,4.8,4.3,4.9,4.3,4.1,5.3,6.2,4.6,4.5,4.2,3.9,2.6,4.3,4.5,5.4,4.6,5.4,5.2,4.6,5.3,5.2,6.6,5.2,3,5.6,4.6,5.6,3.7,4.7,4.3,5.7,,,,,,,,,,,,,,,,,,,,,,,,,,,,,,,,,,,,,,,,,20.3,20.2,20.1,20,20,20.1,19.9,20.3,20.5,20.2,20.4,20.1,20.1,20.2,20.3,19.9,20.4,20.5,20.3,20.1,20,20.2,20.4,20.4,20.4,20.4,20.1,20.3,20.3,20,20.5,76,81,75,78,78,86,80,79,75,77,80,74,76,77,72,73,79,76,81,78,77,77,76,78,76,74,74,77,79,74,74,0,0,0,0,0,0,0,0,0,0,0,0,0,0,0,0,0,0,0,0,0,0,0,0,0,0,0,0,0,0,0,17.2,17.7,15.1,18.2,18.7,15.3,18.8,22.7,17,17.4,19,18.1,17.8,19.6,17.1,19,16.3,19,15,18.6,22.1,13.8,15.2,21.4,17.1,15.9,14.5,17.4,17,19.3,20.5,21.2,21.6,18,22.3,23.4,18,23.4,28.8,20.9,21.6,23.4,20.9,23,23.8,21.2,23.8,19.8,24.8,18.7,22.7,27.4,16.9,19.4,27,22.3,19.8,17.3,21.6,20.2,25.2,25.6,,,,,,22.2204,114.2127
2025-12-24T02:00,20.2,18.2,18.2,20.2,19.1,18.4,17.2,19.5,19.1,18.3,19.1,20,18.3,18,19.7,19.9,17.5,18.9,17.8,18.4,19.5,18.2,17.4,18.5,20.5,18,18.3,19.5,19.6,20.3,19.9,19.5,19.4,19,19.4,20.5,18.4,18.8,20.4,19.5,82,91,88,81,82,90,89,84,89,86,90,82,84,88,86,87,85,83,84,89,90,85,92,83,73,92,92,82,82,84,81,83,84,84,84,81,83,82,80,82,0,0,0,0,0,0,0,0,0,0,0,0,0,0,0,0,0,0,0,0,0,0,0,0,0,0,0,0,0,0,0,0,0,0,0,0,0,0,0,0,5.5,4.3,6.7,4.9,7,4.4,3.3,6.2,5.6,5,4.9,5.1,4.2,4.7,5.2,6.2,4.8,4.5,4.7,3.6,3.8,4.1,4.5,5.4,4.9,5.4,5.6,5,5.4,5.1,6.6,5,2,5.4,4.4,5.1,4,4.7,5.4,5.4,,,,,,,,,,,,,,,,,,,,,,,,,,,,,,,,,,,,,,,,,20.2,20.1,20,19.9,20,20.1,19.9,20.2,20.5,20.1,20.3,20.1,20,20.1,20.2,19.8,20.4,20.5,20.2,20,20,20.1,20.3,20.3,20.3,20.3,20,20.2,20.2,20,20.5,76,82,76,78,77,85,79,78,75,77,80,75,76,77,72,73,78,76,80,79,78,77,76,79,76,74,74,77,79,73,74,0,0,0,0,0,0,0,0,0,0,0,0,0,0,0,0,0,0,0,0,0,0,0,0,0,0,0,0,0,0,0,16.6,17.6,14.7,18.2,18.7,14.8,17.6,22.7,17.1,17.9,18.5,18.1,16.7,19,16.8,18.5,15.5,18.2,15.2,18.1,22.1,13.2,14.5,21,16.3,15.5,13.4,17.1,17.3,17.2,20,20.5,20.9,16.9,22.3,23,17.6,21.6,28.8,20.9,22,23,20.9,21.6,22.7,20.2,22.7,18.7,24.1,18.7,22.3,27,15.8,18,26.3,21.6,18.7,15.5,20.9,20.5,22.7,24.8,,,,,,22.2204,114.2127
2025-12-24T03:00,20.2,18.3,18.2,20.2,19.2,18.3,17.2,19.5,19.1,18.4,19.1,20,18.1,17.8,19.5,19.9,17.5,18.8,17.7,18.4,19.5,18.3,17.2,18.4,20.5,17.9,18.2,19.4,19.6,20.3,19.9,19.4,19.6,18.8,19.3,20.4,18.2,18.8,20.4,19.3,80,90,88,81,79,90,88,80,88,84,89,83,86,88,87,88,84,84,85,89,90,86,93,84,73,91,91,82,82,84,81,83,83,85,84,83,84,80,80,84,0,0,0,0.1,0,0,0,0,0,0,0,0,0,0,0,0,0,0,0,0,0,0,0,0,0,0,0,0,0,0,0,0,0,0,0,0,0,0,0,0,4.9,5.1,6.6,3.7,7.1,4.8,3.7,6,5.9,4.9,5.4,5.1,4.7,4.7,5.8,5.5,4.3,4.2,4.5,4.3,3.9,3.9,4.8,5.1,5.2,5.4,5.6,5.2,5.2,5.4,6.1,4.6,4.6,4.5,4.5,4.6,3.6,4.7,5.4,5.4,,,,,,,,,,,,,,,,,,,,,,,,,,,,,,,,,,,,,,,,,20.1,20,19.9,19.9,19.9,20.1,19.9,20.1,20.4,20,20.2,20.1,20,20.1,20,19.7,20.2,20.4,20.2,20,19.9,20,20.2,20.2,20.2,20.1,20,20.1,20.1,20,20.5,76,82,76,78,76,84,79,78,75,78,80,76,75,77,73,73,78,76,79,80,79,76,75,80,76,75,74,77,79,73,74,0,0,0,0,0,0,0,0,0,0,0,0,0,0,0,0,0,0,0,0,0,0,0,0,0,0,0,0,0,0,0,16.1,17.1,14,17.4,18.2,15,16.8,22.6,17.1,18.6,17.8,17.6,15.5,18.6,16.3,17.7,14.8,17.5,15.3,18.2,21.3,13,13.8,19.9,15.9,15.8,12.9,16.2,16.9,16.8,18.8,19.8,20.9,15.8,21.6,22,18,20.2,28.4,21.2,22.3,22.3,20.5,19.4,22,19.1,21.6,18.4,22.7,18.7,22.3,26.3,15.5,16.6,25.2,20.5,19.1,14.8,19.4,20.2,21.2,23.4,,,,,,22.2204,114.2127
2025-12-24T04:00,20.1,18.4,18.2,20,19.2,18.3,17.2,19.3,19.1,18.4,19.3,20,18,17.6,19.5,20,17.5,18.8,17.6,18.5,19.5,18.4,17.1,18.3,20.5,17.9,18.2,19.1,19.7,20.3,19.7,19.3,19.4,18.7,19.3,20.4,18.1,19,20.4,19.1,81,88,89,82,77,88,88,81,87,83,85,83,86,88,86,87,84,85,85,89,91,84,93,83,72,91,92,83,82,83,83,83,82,86,84,83,85,79,78,84,0,0,0,0,0,0,0,0,0,0,0,0,0,0,0,0,0,0,0,0,0.3,0,0,0,0,0,0,0,0,0,0,0,0,0,0,0,0,0,0,0,4,5.4,6.7,4.3,6.4,5.2,3.4,5.7,5.9,4.8,5.5,5.8,4.7,4.7,5.6,6.3,4.2,4.2,3.4,5.1,3.1,4.2,5,5.4,5.5,5,5.5,4.9,5.2,6.2,5.4,4.7,4.6,4.3,4.2,4.3,3.3,4.5,4.8,5.5,,,,,,,,,,,,,,,,,,,,,,,,,,,,,,,,,,,,,,,,,20,20,19.8,19.8,19.9,20.1,19.8,20,20.2,19.8,20.1,20,19.9,20,19.9,19.5,20.1,20.4,20.1,19.9,19.8,20,20.1,20,20.2,20,20,20,20,20,20.3,77,82,76,77,74,84,78,77,75,79,80,77,75,77,74,74,78,76,77,80,80,75,73,80,75,77,74,78,80,73,73,0,0,0,0,0,0,0,0,0,0,0,0,0,0,0,0,0,0,0,0,0,0,0,0,0,0,0,0,0,0,0,16.1,17.1,13.4,16.3,17,15.7,16.1,22.1,17.5,19.2,17,17.1,14,18.2,15.4,17.1,15.3,16.9,15.5,18.4,20.6,13,13,18.5,15.5,16.6,13,15.4,16.1,16.9,17.2,19.4,20.9,14.8,20.2,20.9,18.7,18.7,28.1,21.6,23,21.2,19.8,17.3,21.6,18,20.9,18.4,21.2,18.4,22.7,25.6,15.5,15.5,23.8,19.4,20.2,14.4,18,19.4,20.5,21.6,,,,,,22.2204,114.2127
2025-12-24T05:00,20.1,18.5,18.3,20.1,19,18.6,17.2,19.2,19.1,18.5,19.3,20,18,17.6,19.4,20.3,17.5,18.8,17.7,18.8,19.4,18.4,17.2,18.2,20.5,17.8,18.1,18.9,19.7,20.3,19.5,19.4,19.2,18.7,19.3,20.4,18,19.1,20.3,19,82,86,89,81,78,87,89,82,88,83,83,82,86,88,86,82,84,85,85,88,92,82,91,83,72,91,92,85,82,82,84,82,84,87,84,83,87,79,79,83,0,0,0,0,0,0,0,0,0,0,0,0,0,0,0,0,0,0,0,0,0,0,0,0,0,0,0,0,0,0,0,0,0,0,0,0,0,0,0,0,3.7,6.1,6.1,5.5,5.6,4.8,3.7,5.9,5.6,5.1,5.9,5.8,4.7,4.5,5.9,7.7,4.2,4,3.2,5.4,4.2,5,5.3,5.8,5.1,4.8,5.7,4.4,4.9,5.6,5.4,5.2,3.8,4.5,3.4,4.8,2.8,3.9,4.3,5.7,,,,,,,,,,,,,,,,,,,,,,,,,,,,,,,,,,,,,,,,,19.9,19.9,19.6,19.8,19.9,20.1,19.8,20,20.2,19.6,20,20,19.9,19.9,19.8,19.5,20,20.3,20.1,19.8,19.6,20,20,19.9,20.1,19.8,20,19.9,20,20,20.2,77,82,76,76,73,83,77,77,75,79,79,77,74,77,74,74,78,75,76,80,80,73,71,80,75,78,74,78,80,73,73,0,0,0,0,0,0,0,0,0,0,0,0,0,0,0,0,0,0,0,0,0,0,0,0,0,0,0,0,0,0,0,16.1,17.2,12.6,15.7,16.1,16.1,15.5,21.7,17.4,19.3,16.4,16.5,13.3,17.7,14.9,16.3,16,16.3,15.8,18.1,19.9,13.6,12.5,17.7,15.3,17.2,13.4,14.8,16,17.3,16.4,19.1,20.9,14,19.4,19.4,19.1,18,27.7,21.2,23,20.2,19.4,15.5,20.5,16.9,19.8,18.4,20.2,18.7,22.3,24.8,15.8,14.8,22,18.7,20.5,14.8,16.9,19.1,20.2,20.5,,,,,,22.2204,114.2127
2025-12-24T06:00,20.2,18.7,18.3,20,18.7,18.7,17.1,19,19,18.4,19.2,20.2,18,17.7,19.6,20.4,17.5,18.9,17.9,19.1,19.5,18.1,17.3,18.2,20.5,17.7,18.1,18.6,19.6,20.2,19.3,19.4,19.2,18.7,19.3,20.4,17.9,19.2,20.2,18.9,80,84,90,80,80,87,89,84,89,82,82,82,86,88,85,81,84,85,83,87,92,84,89,84,72,92,92,87,83,83,83,81,85,87,85,82,89,80,81,83,0,0,0,0,0,0,0,0,0,0,0,0,0,0,0,0,0,0,0,0,0,0,0,0,0,0,0,0,0,0,0,0,0,0,0,0,0,0,0,0,4.3,6.4,5.5,4.7,4.7,4.1,4,5.4,5.4,5.4,5.2,5.4,4.5,3.4,6.9,5.5,3.6,3.8,3.6,5.9,4.7,5.2,5.3,5.5,4.9,4.7,5.4,4,4.6,4.6,5.4,4.2,3.7,4.8,3.1,6.1,2.1,3.8,4.9,5.4,,,,,,,,,,,,,,,,,,,,,,,,,,,,,,,,,,,,,,,,,19.8,19.8,19.6,19.7,19.9,20.2,19.9,19.9,20.2,19.5,20,20,19.9,19.8,19.8,19.5,20,20.3,20.1,19.7,19.7,20,20,19.9,20,19.7,20,19.9,19.9,19.9,20.2,76,81,76,76,72,82,76,76,74,79,78,77,73,77,74,74,77,74,75,79,79,72,70,79,74,77,74,77,80,73,73,0,0,0,0,0,0,0,0,0,0,0,0,0,0,0,0,0,0,0,0,0,0,0,0,0,0,0,0,0,0,0,15.8,16.6,12.1,16.1,15.3,15.9,15.5,21.4,16.3,18.7,16.2,16.7,13,16.8,14.6,15.6,15.9,16,16.4,17.4,18.9,14.3,13,16.1,15.3,17.1,14.2,14.6,16.6,17.5,16.5,18.7,20.2,13.3,19.4,18.4,19.1,18,27.7,19.8,22,19.4,19.4,14.8,19.1,16.2,19.1,18,19.8,19.8,20.9,23.8,16.9,15.1,19.8,18.4,20.2,15.8,16.6,19.8,20.2,20.5,,,,,,22.2204,114.2127
2025-12-24T07:00,20,18.6,18.2,19.9,18.4,18.7,17,19,19,18.4,19.1,20.2,18,17.9,19.6,20.1,17.6,18.9,18.1,19.2,19.5,17.9,17.5,17.9,20.5,17.6,18,18.5,19.5,20.2,19.2,19.4,19.1,18.6,19.3,20.4,17.8,19.4,20.2,18.7,80,85,91,83,83,87,89,86,90,82,84,82,86,89,85,84,84,85,82,84,91,87,87,86,72,92,91,89,84,84,83,82,85,88,86,82,90,80,81,84,0,0,0,0,0,0,0,0,0,0,0,0,0,0,0,0,0,0,0,0,0,0,0,0,0,0,0,0,0,0,0,0,0,0,0,0,0,0,0,0,4.8,6,5.8,4.3,4.2,3.2,4,4.8,5.7,5.2,5,5,4.2,3.7,6.7,5.1,3.3,3.8,4,7,4.4,4.5,5.3,4.3,4.9,4.4,5,4.3,4.6,4.8,5,3.8,4.3,4.6,1.9,5.6,1.6,3.3,5.2,5.8,,,,,,,,,,,,,,,,,,,,,,,,,,,,,,,,,,,,,,,,,19.8,19.7,19.6,19.6,20,20.2,20,19.9,20.3,19.5,20,20.1,20,19.7,19.8,19.5,20,20.3,20.2,19.6,19.8,20,20,19.9,20,19.7,19.9,19.9,19.9,19.9,20.2,76,80,76,75,71,81,74,75,73,78,77,76,73,76,73,74,76,73,74,78,77,70,70,78,74,75,75,76,79,74,73,0,0,0,0,0,0,0,0,0,0,0,0,0,0,0,0,0,0,0,0,0,0,0,0,0,0,0,0,0,0,0,15.5,16,12.4,16.3,14.3,15.5,15.5,21.4,14.5,17.6,15.8,16.5,13,15.3,14.4,15.6,15,15.8,17.7,16.5,18.1,15.3,14,14.5,15.1,17,15.1,14.7,17.6,17.9,17.1,18,18.7,13,19.8,17.3,18.7,18.4,27.7,17.6,20.2,19.1,19.4,14.4,17.3,15.8,18,17.3,19.4,21.6,19.1,22.7,18,16.2,17.3,18.7,19.4,16.9,16.6,20.9,20.9,21.2,,,,,,22.2204,114.2127
2025-12-24T08:00,19.9,18.9,18.5,20.1,18.7,18.8,17.3,19.2,19.3,18.7,19.3,20.3,18.3,18.4,19.9,20.2,18.1,19.2,18.3,19.6,19.7,18.3,18,18,20.6,17.8,18.3,18.8,19.7,20.3,19.4,19.5,19.4,18.8,19.5,20.6,18,19.7,20.5,19.1,83,85,90,83,84,87,90,86,89,81,84,82,87,88,84,86,83,85,83,81,89,84,86,89,72,93,91,89,84,84,83,83,85,89,86,82,91,79,80,83,0,0,0,0,0,0,0,0,0,0,0,0,0,0,0,0,0,0,0,0,0,0,0,0,0,0,0,0,0,0,0,0,0,0,0,0,0,0,0,0,4.5,6.1,5.7,4.8,4.4,3,3.6,5.2,5.3,5.5,5,5.1,3.8,4.6,5.8,5.5,2.2,3.8,3.3,7.4,6.1,5.8,5.5,3.6,4.6,3.8,4.9,4.4,5.2,5.4,5.1,4.3,4,4.3,2.5,5.1,2.2,3.6,4.9,5.5,,,,,,,,,,,,,,,,,,,,,,,,,,,,,,,,,,,,,,,,,20,19.8,19.8,19.6,20.1,20.4,20.1,20,20.5,19.6,20.1,20.2,20.1,19.8,19.9,19.6,20.1,20.4,20.5,19.8,20,20.1,20.1,19.9,20.1,19.9,20,20,20,20,20.3,74,78,75,74,69,80,72,74,72,77,75,75,72,75,72,74,75,71,73,76,75,69,70,77,73,73,74,74,78,74,72,0,0,0,0,0,0,0,0,0,0,0,0,0,0,0,0,0,0,0,0,0,0,0,0,0,0,0,0,0,0,0,15.1,15.3,12.2,16.8,13.3,15.1,15.5,21.1,13.3,16.2,15.7,16.6,12.7,13.4,14,15.2,14.3,15.9,18.5,15.4,17.6,16.2,14.7,13.2,15.1,16.3,15.4,14.9,18.2,18.1,17.6,17.6,18,12.6,20.2,16.2,18,18.7,27.4,15.8,18.4,18.7,19.1,14,15.1,15.5,17.3,16.6,19.8,22.7,17.6,22,19.1,17.3,15.5,18.7,18.4,17.6,16.9,21.6,20.9,21.6,,,,,,22.2204,114.2127
2025-12-24T09:00,21.4,20.7,19.9,21.1,20,19.2,18.8,20.4,20.5,20.2,20.6,20.8,19.8,19.9,21.3,21.5,19.4,20.3,19.2,20.6,21.5,19.9,19.5,19.8,21.2,19.6,20,20.4,20.9,21.4,20.6,20.9,20.6,19.7,20.1,21.9,19.3,20.6,21.1,20.7,76,80,85,75,79,87,88,77,81,74,78,81,81,84,76,75,82,77,83,73,79,73,78,87,71,89,81,86,76,76,73,74,83,85,81,71,86,79,77,72,0,0,0,0,0,0,0,0,0,0,0,0,0,0,0,0,0,0,0,0,0,0,0,0,0,0,0,0,0,0,0,0,0,0,0,0,0,0,0,0,4.1,4.1,5.2,5,4,2.7,2.5,7.2,3.3,5.8,5,4.9,3.6,4,4.8,6.3,1,4.2,2.1,8.4,6.5,4.7,5.3,3.1,3.9,3.3,5.4,3.7,5.8,5.9,5.8,4.4,3,4.1,2.6,5.4,1.8,2.6,4.7,5.8,,,,,,,,,,,,,,,,,,,,,,,,,,,,,,,,,,,,,,,,,20.4,20.2,20.1,20,20.6,20.8,20.5,20.4,20.9,20,20.5,20.5,20.5,20.1,20.1,20,20.6,20.8,20.9,20.1,20.4,20.5,20.5,20.2,20.4,20.3,20.4,20.3,20.3,20.3,20.6,71,75,74,72,67,77,70,72,70,74,73,73,70,72,70,73,72,69,71,73,73,67,69,75,72,70,72,72,76,73,70,0,0,0,0,0,0,0,0,0,0,0,0,0,0,0,0,0,0,0,0,0,0,0,0,0,0,0,0,0,0,0,14.2,14.8,12.2,16.8,11.7,14.2,15.4,20.4,12.4,14.5,15,16.1,12.5,10.4,13.5,14.8,13.6,16.2,18.9,14.5,17.4,16.4,14.8,12.9,15.3,14.8,14.1,14.5,18.5,17.7,17.6,16.9,18,12.6,20.5,14.8,17.3,18.7,27,14.8,16.6,18,18.4,13.3,12.2,15.1,16.6,15.5,20.9,23,16.6,21.6,19.4,18,15.1,18.4,16.2,16.6,17.3,22,20.5,21.6,,,,,,22.2204,114.2127
2025-12-24T10:00,22.6,22.1,21.3,21.9,20.8,20.3,21,21.7,21.7,21,21.9,21.7,21.3,21.6,22.2,22,21.2,21.3,20.2,21.2,22.9,21.3,21.3,21.5,22.1,21.5,21.3,22.2,22,22.3,21.5,22.1,22,21.1,20.8,22.8,20.5,22.1,21.9,22,67,69,71,70,69,75,72,68,75,65,66,77,67,68,71,71,69,71,77,70,68,66,74,71,65,71,71,69,66,69,68,68,67,81,77,64,74,69,70,66,0,0,0,0,0,0,0,0,0,0,0,0,0,0,0,0,0,0,0,0,0,0,0,0,0,0,0,0,0,0,0,0,0,0,0,0,0,0,0,0,3.7,3.1,5.9,4.7,4.3,4,2.5,5.3,1.8,6.6,5.8,5.2,4.2,5.5,4.7,7.3,1.6,4.3,1.6,8.9,5.8,3.5,4.3,4,4.9,4.2,6.2,5.1,7.6,6.8,6.2,3.9,4.2,3.6,2.3,6,3,3,5.2,6.5,,,,,,,,,,,,,,,,,,,,,,,,,,,,,,,,,,,,,,,,,21,20.8,20.5,20.5,21.1,21.3,21,20.9,21.4,20.6,21,21,21,20.6,20.5,20.4,21.2,21.2,21.3,20.7,20.9,21.1,21,20.5,20.8,20.9,20.9,20.6,20.8,20.8,21,68,71,72,69,64,74,68,70,67,70,71,70,68,69,69,71,69,68,70,70,71,66,67,72,71,67,69,70,74,72,68,0,0,0,0,0,0,0,0,0,0,0,0,0,0,0,0,0,0,0,0,0,0,0,0,0,0,0,0,0,0,0,13.4,14.7,12.4,16.8,10,13.4,15.6,20,11.9,12.9,14.7,15.6,12.3,7.1,13.2,14.7,13,16.8,18.7,14,17.2,16.4,14.6,13,15.2,12.5,12.5,14.7,18.5,17.1,17.1,16.2,18.4,12.6,20.9,13.3,16.2,18.7,26.3,14.4,14.8,17.3,17.3,13,9,14.8,15.8,14.4,22,23,16.2,21.2,19.8,18.7,15.1,18,13.7,14.4,18,22.3,19.8,21.6,,,,,,22.2204,114.2127
2025-12-24T11:00,23.6,22.6,22.4,22.4,21.3,20.8,22.1,22.5,22.5,21.9,22.9,22.3,22.5,22.4,23.1,22.5,22.3,22.1,21.3,22,23.6,22.7,22.7,22.5,22.8,22.9,22.1,23.1,22.6,23.1,22.2,23.2,22.9,22.5,21.3,23.4,21.7,23.4,22.4,23.2,59,66,65,68,66,68,70,62,67,62,59,72,59,65,66,68,61,68,70,66,65,59,63,65,62,62,67,64,64,66,64,63,61,70,75,63,69,63,65,61,0,0,0,0,0,0,0,0,0,0,0,0,0,0,0,0,0,0,0,0,0,0,0,0,0,0,0,0,0,0,0,0,0,0,0,0,0,0,0,0,5.6,5.2,8,5.4,4.3,6,3.7,4.6,3.8,6.3,6.4,5.7,5.6,6.2,5.3,7.9,2.9,4.1,2,8.5,4.8,3.2,5.6,5.2,6.4,5,6.8,7.2,8,7,6.7,4.8,5.2,5.3,3.1,7.6,3.4,3.3,4.1,7.3,,,,,,,,,,,,,,,,,,,,,,,,,,,,,,,,,,,,,,,,,21.4,21.2,20.9,21,21.5,21.7,21.3,21.2,21.7,21,21.4,21.2,21.3,21,20.9,20.8,21.7,21.6,21.6,21.1,21.2,21.5,21.4,20.9,21.1,21.4,21.2,21,21,21.1,21.4,66,68,70,67,62,71,67,69,65,67,70,68,66,66,67,69,67,66,68,67,69,65,66,70,70,64,66,68,72,70,66,0,0,0,0,0,0,0,0,0,0,0,0,0,0,0,0,0,0,0,0,0,0,0,0,0,0,0,0,0,0,0,13,14.8,12.2,16.1,8.9,12.2,15.9,19.7,11.8,11.3,14.3,15.3,11.8,4.3,13.1,14.2,12.2,17.2,18,13.4,17.3,16.5,14.8,13.5,15.3,10.2,11.2,14.7,18.7,16.5,17.1,15.8,18.4,12.6,20.5,12.2,15.5,18.4,25.6,14.4,13.7,16.9,16.9,12.6,6.5,14.4,15.1,13.7,23,22.7,15.8,21.2,20.2,19.1,16.2,18,11.5,13.3,18.7,22.3,19.1,22,,,,,,22.2204,114.2127
2025-12-24T12:00,24.3,23,23,22.9,22,21.3,22.9,23.1,23.2,22.7,23.7,23.2,23.2,23.1,23.9,23.2,23,22.8,22,22.8,24.1,23.8,23.4,23.3,23.4,23.8,22.8,23.8,23.1,23.5,23,24,23.7,23.2,21.6,24,22.6,24.4,22.5,24.1,57,65,63,66,63,65,66,59,65,60,55,63,57,62,63,65,58,65,66,64,62,55,62,63,60,55,64,62,62,65,60,58,58,65,74,60,67,59,62,55,0,0,0,0,0,0,0,0,0,0,0,0,0,0,0,0,0,0,0,0,0,0,0,0,0,0,0,0,0,0,0,0,0,0,0,0,0,0,0,0,7.3,5.1,10,5.4,5.6,7.8,5.2,5.9,5.2,5.9,9.4,7,6,5.9,5.4,8.5,5,3.8,2.8,8.3,5,4.6,5.8,5.2,7.5,5.6,7.9,8.9,9,7.6,7.4,7.4,5.8,6.3,3.3,8.7,3.3,3.2,4.1,8.7,,,,,,,,,,,,,,,,,,,,,,,,,,,,,,,,,,,,,,,,,21.7,21.5,21.2,21.3,21.7,22,21.5,21.5,21.9,21.3,21.5,21.4,21.6,21.4,21.2,21,22,21.9,21.9,21.5,21.5,21.8,21.6,21.3,21.4,21.7,21.5,21.4,21.3,21.5,21.6,65,66,68,65,61,69,67,69,64,65,69,67,65,64,66,68,66,65,67,65,68,65,66,67,69,62,65,66,70,69,64,0,0,0,0,0,0,0,0,0,0,0,0,0,0,0,0,0,0,0,0,0,0,0,0,0,0,0,0,0,0,0,13,14.5,11.9,15,8.5,11.7,15.5,19.4,12.4,10.3,14.6,15.4,10.8,2.3,12.6,13.4,11,17.3,16.9,12.9,17.6,17.1,15,13.8,15.3,7.9,10.8,15.4,18.7,15.4,17.4,16.2,18,12.6,19.1,11.5,14.8,18,24.1,15.1,13.7,17.3,17.3,12.2,5.4,14,14.8,13,23,21.2,15.8,21.2,20.9,19.4,18,18,9.7,13.7,19.8,22.3,18,22.7,,,,,,22.2204,114.2127
2025-12-24T13:00,24.8,23.3,23.4,23.5,22.8,21.8,23.4,23.5,23.9,23.5,24.2,24.1,23.8,23.7,24.5,23.8,23.5,23.4,22.5,23.6,24.4,24.6,24,24.1,24,24.5,23.3,24.4,23.7,23.8,23.7,24.7,24.5,23.8,22.1,24.4,23.1,25.1,22.7,24.8,56,64,61,63,60,63,65,57,60,57,52,61,55,59,59,60,56,63,63,61,61,52,60,60,59,53,61,59,60,65,57,54,55,64,71,58,65,57,61,52,0,0,0,0,0,0,0,0,0,0,0,0,0,0,0,0,0,0,0,0,0,0,0,0,0,0,0,0,0,0,0,0,0,0,0,0,0,0,0,0,7.4,6.4,11.9,6.4,6.1,9.6,5.6,7.5,5.6,5.2,10.1,6.2,5.5,5.4,7.4,9.5,7,4.2,4,6.9,7.8,6.6,5.4,4.2,7.9,4.8,8.9,8,9.4,8.4,8.5,7.5,6.1,6,4.1,9.8,3.3,3.1,4.6,8.9,,,,,,,,,,,,,,,,,,,,,,,,,,,,,,,,,,,,,,,,,21.9,21.6,21.4,21.5,21.8,22.2,21.7,21.6,21.9,21.4,21.7,21.5,21.8,21.7,21.5,21.2,22,22,22,21.7,21.5,21.9,21.8,21.6,21.6,21.9,21.5,21.6,21.5,21.7,21.9,64,65,67,64,60,67,67,69,64,64,69,67,64,63,65,66,65,63,65,64,68,66,66,65,67,61,64,65,69,67,63,0,0,0,0,0,0,0,0,0,0,0,0,0,0,0,0,0,0,0,0,0,0,0,0,0,0,0,0,0,0,0,13.6,13.9,11.5,13.7,8.2,11.7,14.6,19.1,13.7,10.1,15.6,15.8,10.1,0.8,12.2,12.6,10.5,17.2,15.6,12.9,17.9,18.1,15.4,14.8,15.2,6,11.6,16.4,19,14.1,17.9,17.3,17.6,12.6,17.3,10.8,14.4,17.3,22.7,16.2,14,18.4,17.6,12.2,4.7,14,14.4,12.6,22.7,19.1,15.8,21.2,22,19.4,20.9,18,7.9,14.8,20.9,22.3,16.6,23.4,,,,,,22.2204,114.2127
2025-12-24T14:00,25.1,23.6,23.5,23.8,23.4,22.4,24.1,23.9,24.5,23.9,24.4,24.7,24.4,24,24.9,24.1,23.6,23.8,22.8,24.2,24.3,25.1,24.6,24.6,24.4,24.9,23.7,24.8,24.2,24,24.1,25,25,24.3,22.5,24.8,23.7,25.7,22.8,25.2,55,63,60,63,58,59,63,54,55,55,51,58,54,56,56,57,55,62,60,59,60,51,57,58,57,52,59,57,57,63,55,53,53,63,68,55,63,56,59,50,0,0,0,0,0,0,0,0,0,0,0,0,0,0,0,0,0,0,0,0,0,0,0,0,0,0,0,0,0,0,0,0,0,0,0,0,0,0,0,0,8,5.8,13,6.4,6.6,10.2,5.4,9,8.2,5.1,8.2,5.7,5.6,5.9,8.3,10.5,8.6,4.8,6.5,7.1,10.6,6.6,5.9,4.1,8.4,4.7,10.5,7.3,8.7,9.1,7.6,7.2,6.8,5.6,4.3,10.4,2.4,3,5.2,8.1,,,,,,,,,,,,,,,,,,,,,,,,,,,,,,,,,,,,,,,,,21.9,21.8,21.5,21.7,21.8,22.4,21.8,21.6,21.9,21.4,21.7,21.5,21.9,21.9,21.6,21.2,22.1,22.1,22.1,21.9,21.6,21.9,21.8,21.8,21.6,22,21.5,21.8,21.5,21.8,21.9,64,65,66,64,59,66,68,70,64,63,69,67,63,63,64,66,65,63,65,64,68,67,66,64,67,60,64,65,68,66,63,0,0,0,0,0,0,0,0,0,0,0,0,0,0,0,0,0,0,0,0,0,0,0,0,0,0,0,0,0,0,0,14.6,14.3,11.4,13,8,11.9,14.2,18.9,15.1,10.5,16.5,16.5,10.5,0.7,12.5,13,10.8,17.9,14.8,13.1,18.3,19.4,15.8,17,16,5.2,13,17.7,19,13.3,19.2,18.4,17.6,13,16.2,10.8,14.4,17.3,21.6,17.6,14.8,19.1,18.7,13,4.7,14.8,14.8,12.6,22.7,18,16.6,21.6,23,19.4,23.4,18.7,7.2,16.2,22.3,22.7,15.5,24.5,,,,,,22.2204,114.2127
2025-12-24T15:00,25.1,23.6,23.3,24.1,23.6,22.6,24.6,24,24.7,24,24.3,25,24.6,24.1,24.9,24,23.3,23.9,22.9,24.5,23.9,25.1,24.8,24.8,24.4,24.9,23.7,25,24.5,24.1,24.3,25,25,24.6,22.6,24.9,24,25.8,22.7,25.2,55,63,59,61,58,59,59,53,51,54,51,56,53,56,55,57,56,61,59,57,60,52,56,57,57,51,58,56,55,62,55,52,52,61,69,54,62,56,61,50,0,0,0,0,0,0,0,0,0,0,0,0,0,0,0,0,0,0,0,0,0,0,0,0,0,0,0,0,0,0,0,0,0,0,0,0,0,0,0,0,8,5.2,13.7,7.6,5.8,9.9,4.8,8.5,9.7,6.9,7.4,5.8,6.2,6.5,8.7,10.9,8.8,4.2,6.6,7.2,10.9,6.2,5.6,5.1,8.8,6.1,11.8,7.3,8.4,9.7,6.3,7.3,6.8,5,5.7,11.1,1.3,2.9,5.5,7.1,,,,,,,,,,,,,,,,,,,,,,,,,,,,,,,,,,,,,,,,,21.9,21.8,21.7,21.7,21.9,22.4,21.8,21.5,21.8,21.5,21.7,21.4,22,21.9,21.8,21.2,22.2,22,22.1,21.9,21.6,21.9,21.9,21.6,21.6,22,21.5,21.7,21.5,21.9,21.6,65,66,66,64,58,66,68,71,65,62,70,67,63,63,64,67,65,64,66,64,69,69,67,66,68,60,65,66,68,66,65,0,0,0,0,0,0,0,0,0,0,0,0,0,0,0,0,0,0,0,0,0,0,0,0,0,0,0,0,0,0,0,16.4,15.7,12,13.3,7.2,12.2,14.9,19.1,16.9,11.7,17.4,17.5,11.9,2.2,13.8,15.1,11.6,18.8,15.2,14.1,18.9,20.4,16.3,20.2,17.8,5.4,15.9,19.4,19.3,12.8,21.3,19.8,19.1,13.7,16.6,11.2,14.8,17.6,21.6,19.4,15.5,19.8,19.8,14.8,5,16.2,16.6,13,23.4,18.4,18,22.3,24.1,19.4,26.3,20.2,7.6,18.7,23.8,23,15.1,25.9,,,,,,22.2204,114.2127
2025-12-24T16:00,24.8,23.6,22.9,24.1,23.5,22.5,24.9,23.6,24.5,23.6,23.9,25,24.6,23.9,24.6,23.6,22.8,23.7,22.7,24.4,23.4,24.7,24.7,24.5,24,24.5,23.5,25,24.4,23.8,24.2,24.8,24.6,24.6,22.6,24.8,24,25.8,22.7,25,55,62,59,61,59,58,57,55,50,57,54,56,52,56,55,59,57,62,60,57,60,54,55,58,57,52,57,55,55,61,57,53,54,60,70,53,61,57,63,51,0,0,0,0,0,0,0,0,0,0,0,0,0,0,0,0,0,0,0,0,0,0,0,0,0,0,0,0,0,0,0,0,0,0,0,0,0,0,0,0,7.2,6.6,13.4,8.8,5.6,9.2,4.6,8.3,9.2,5.8,7.9,5.6,6.6,6.9,9.1,10.4,8.3,3.9,5,8,10.8,6.5,5.8,6.2,8.7,7,13.5,7.2,8.4,9.4,6,7.6,7.3,6,6.5,10.3,1.8,3.1,6.2,7.3,,,,,,,,,,,,,,,,,,,,,,,,,,,,,,,,,,,,,,,,,21.8,21.8,21.9,21.6,21.9,22.4,21.8,21.3,21.7,21.5,21.6,21.3,22.1,21.9,21.8,21.2,22.2,21.9,22,21.9,21.5,21.6,21.8,21.2,21.5,22,21.2,21.5,21.5,21.8,21.2,67,67,66,65,58,66,68,72,66,62,71,68,63,63,64,68,66,66,67,65,70,72,68,69,69,60,68,68,69,66,69,0,0,0,0,0,0,0,0,0,0,0,0,0,0,0,0,0,0,0,0,0,0,0,0,0,0,0,0,0,0,0,18.2,17.5,12.6,14.1,7.4,12.6,16.5,19.4,19.1,12.7,18,18.9,14.1,4,16,18.4,12.4,19.9,16.6,15.9,19.6,21.1,16.5,23.8,19.6,6.6,19.1,21.1,19.2,12.4,23.4,21.2,20.9,14.4,17.6,11.9,15.1,18.7,22.3,21.6,16.6,20.5,21.2,17.3,5.8,18.4,19.4,14,24.5,19.1,19.4,23.4,25.2,19.8,28.8,22.3,8.3,21.6,25.2,23.4,14.8,27.4,,,,,,22.2204,114.2127
2025-12-24T17:00,24,23.3,22.1,23.7,23,22,24.6,23,23.7,22.7,23,24.7,24.2,23.2,23.8,22.9,22.1,23.4,22.2,24,22.7,23.9,24,23.5,23.3,23.8,22.8,24.7,23.7,23.3,23.7,24,23.9,24.4,22.3,24.4,23.4,25.3,22.6,24.2,59,63,61,64,62,62,59,59,55,64,62,59,55,61,59,65,59,64,63,58,61,60,60,65,62,57,60,56,60,62,63,58,60,61,72,55,66,60,65,57,0,0,0,0,0,0,0,0,0,0,0,0,0,0,0,0,0,0,0,0,0,0,0,0,0,0,0,0,0,0,0,0,0,0,0,0,0,0,0,0,7.1,5.8,13.7,7.3,4.3,7.9,2.9,6.5,8.3,4.3,5.6,5.1,4.4,5.5,9,8.6,5.8,2.9,3.9,7.7,9,5.4,5.8,4.5,7.9,4.7,12.6,6.1,7.1,7.6,4.2,7.5,5.5,4.8,4.5,9.7,3.9,2.2,6.2,7.6,,,,,,,,,,,,,,,,,,,,,,,,,,,,,,,,,,,,,,,,,21.5,21.6,21.8,21.5,21.8,22.2,21.7,21,21.5,21.5,21.4,21.1,22.1,21.7,21.7,21,22.1,21.6,21.8,21.7,21.3,21.5,21.7,20.9,21.4,21.9,21,21.2,21.3,21.7,20.9,69,69,67,67,59,67,69,74,68,63,73,69,65,64,66,70,67,68,69,66,72,74,69,72,71,61,70,70,71,66,72,0,0,0,0,0,0,0,0,0,0,0,0,0,0,0,0,0,0,0,0,0,0,0,0,0,0,0,0,0,0,0,19.7,18.6,14.1,15.5,8.8,13,17.7,19.7,20.6,14.4,18.7,20,16.2,5.4,18.1,20.9,13.5,20.9,18,17.3,20.1,21.9,16.6,26.7,21.1,7.9,22,22.6,19.5,12.4,25.2,22.7,22.3,15.8,19.1,13.7,15.8,19.8,23,23.4,18,20.9,22.7,19.8,6.5,20.5,22,15.1,25.9,20.5,21.2,24.1,26.3,19.8,31.3,24.1,9.7,24.1,26.6,24.1,15.1,28.8,,,,,,22.2204,114.2127
2025-12-24T18:00,23,22.4,21.3,22.7,22.1,21,23,22,22.4,21.4,22.1,23.6,23.1,22,22.5,22.1,21,22.4,21.5,23,21.9,22.7,22.3,22,22.4,22.5,21.8,23.7,22.4,22.5,22.9,22.9,22.7,23.9,21.8,23.5,22.2,24.3,22.2,22.7,64,70,63,70,68,68,69,65,64,75,71,67,62,70,67,71,63,71,68,64,64,68,71,75,67,66,67,63,69,66,71,65,68,64,75,63,73,67,69,66,0,0,0,0,0,0,0,0,0,0,0,0,0,0,0,0,0,0,0,0,0,0,0,0,0,0,0,0,0,0,0,0,0,0,0,0,0,0,0,0,5.6,3.6,11.5,5.1,4.1,5.7,2.7,5.1,7.2,5,4.3,5,3.1,4,7.7,7.9,4,3.1,3.4,6.9,7.6,3.6,5.5,2.3,7.1,4.1,9.1,3.1,6.2,5.9,2.9,6,4,2.3,2.8,7.6,3.5,2,6.5,6.8,,,,,,,,,,,,,,,,,,,,,,,,,,,,,,,,,,,,,,,,,21.2,21.5,21.6,21.3,21.5,22,21.5,20.9,21.2,21.2,21.2,20.9,22,21.5,21.5,20.7,22,21.2,21.5,21.5,21.1,21.2,21.5,20.6,21.1,21.7,20.8,21,21.1,21.6,20.5,72,71,70,70,63,69,71,76,71,66,76,72,69,65,70,73,69,72,72,69,74,76,71,74,74,64,72,73,74,67,75,0,0,0,0,0,0,0,0,0,0,0,0,0,0,0,0,0,0,0,0,0,0,0,0,0,0,0,0,0,0,0,20.1,18.6,16.2,17,12.4,13.3,18.9,19.2,21,16.6,19.1,20.9,18,6.5,19.9,22,14.5,22.4,19.1,18.5,20.3,22.4,16.4,28,22,9.7,23.4,23,20.1,12.7,25.7,23.4,22.3,18.4,20.9,17.3,16.6,21.2,23,24.1,20.2,21.2,23.8,22.3,7.2,23,23.8,16.6,28.1,22,22.7,24.5,27.4,19.4,33.1,25.2,11.5,25.9,27.7,24.8,15.8,30.2,,,,,,22.2204,114.2127
2025-12-24T19:00,22.3,21.5,20.7,22.1,21.4,20.4,21.6,21.2,21.4,20.9,21.5,22.5,22.1,21.2,21.4,21.5,20.2,21.5,20.9,22.1,21.2,21.8,21.1,21,21.9,21.4,21,23,21.4,21.8,22.1,22.1,21.9,23.4,21.4,22.8,21.2,23.5,21.9,21.5,68,77,67,74,71,74,79,71,72,76,78,74,70,76,74,76,69,76,70,68,68,75,78,82,70,73,74,69,74,70,77,69,75,67,77,69,79,72,71,74,0,0,0,0,0,0,0,0,0,0,0,0,0,0,0,0,0,0,0,0,0,0,0,0,0,0,0,0,0,0,0,0,0,0,0,0,0,0,0,0,5.5,4.6,9.7,3.8,4.2,4.9,3.1,5.4,5.6,5.4,3.4,5.4,3.3,3.8,6.6,6.5,3,3.9,4.1,7.4,6.8,3.1,5.2,3.3,6.4,4.1,6.5,2.5,5.6,5.9,3.7,5,3.5,1.8,2.5,6.2,2.9,1.3,7.4,6,,,,,,,,,,,,,,,,,,,,,,,,,,,,,,,,,,,,,,,,,20.9,21.2,21.3,21.1,21.2,21.9,21.1,20.8,21,20.9,20.9,20.6,21.6,21.2,21,20.3,21.8,20.9,21.2,21.1,20.9,21,21.3,20.5,20.8,21.5,20.5,20.7,21,21.5,20.1,76,74,74,73,68,71,74,79,75,71,78,75,73,67,74,77,72,76,75,73,76,78,73,76,77,67,75,76,78,68,78,0,0,0,0,0,0,0,0,0,0,0,0,0,0,0,0,0,0,0,0,0,0,0,0,0,0,0,0,0,0,0,20.1,18.3,18.7,18.5,17.7,14.2,19.9,18.4,20.7,19.2,18.7,21.6,20.3,7.6,21.7,22.7,15.8,24.3,20.4,19.7,19.8,22.6,15.9,27.8,22.5,11.8,24.1,22.9,20.6,13.8,25.5,24.1,21.6,21.2,22.7,22.3,17.3,23.4,22.7,24.5,22.7,21.6,25.2,25.2,7.9,25.2,25.2,18.7,30.2,23.8,24.1,24.8,28.1,19.1,34.2,26.3,13.7,27.4,28.4,25.9,16.6,31.3,,,,,,22.2204,114.2127
2025-12-24T20:00,22,20.9,20.4,21.7,20.9,20.1,20.7,20.8,20.6,20.6,21.1,21.8,21.4,20.6,20.7,21.1,19.8,20.8,20.5,21.5,20.7,21.4,20.4,20.2,21.6,20.6,20.3,22.3,20.8,21.4,21.6,21.7,21.4,22.8,21.1,22.3,20.5,23.2,21.7,20.8,69,80,72,76,73,76,84,74,79,77,81,77,75,81,80,81,71,80,71,69,73,79,82,87,71,78,80,74,77,71,80,72,78,70,79,74,83,73,71,80,0,0,0,0,0,0,0,0,0,0,0,0,0,0,0,0,0,0,0,0,0,0,0,0,0,0,0,0,0,0,0,0,0,0,0,0,0,0,0,0,5.2,4.8,8.4,4.5,3.9,4.4,3.9,6.2,5.4,5.1,3.8,5.7,4.1,3.9,5.9,5.4,3.2,4.3,4.1,9.1,5.9,1,5,3.7,5.4,4.5,5.8,4.1,6.7,6.2,5.3,4.7,3.5,2.5,2.7,5,2.8,3.6,8.4,5.2,,,,,,,,,,,,,,,,,,,,,,,,,,,,,,,,,,,,,,,,,20.5,21,21,20.9,20.9,21.6,20.8,20.6,20.6,20.5,20.6,20.4,21.4,21,20.6,20,21.5,20.5,21,20.8,20.6,20.8,21,20.2,20.5,21.3,20.4,20.5,20.8,21.4,19.9,79,76,77,76,73,74,77,81,78,75,81,78,77,68,78,80,74,80,78,76,78,80,76,77,80,71,77,78,81,70,81,0,0,0,0,0,0,0,0,0,0,0,0,0,0,0,0,0,0,0,0,0,0,0,0,0,0,0,0,0,0,0,20.2,17.7,20.5,19.8,21.7,15,21,18.4,20.7,21.3,18.8,21.9,21.7,7.7,22.9,22.8,17,25.9,21.1,20.5,20.4,23.1,15.4,28,22.6,13.4,24.2,22.7,21.3,14.7,25.7,24.5,21.2,23.4,24.1,25.9,18,25.2,22.7,24.8,24.5,22,25.9,27,8.6,27,26.3,20.5,32.4,25.2,25.2,25.6,28.8,18.7,35.3,27,15.5,28.1,28.8,26.6,17.6,32.4,,,,,,22.2204,114.2127
2025-12-24T21:00,21.6,20.6,20.1,21.2,20.4,19.8,20,20.5,20.2,20.3,20.8,21.3,20.9,20.1,20.1,20.7,19.3,20.3,20.1,20.7,20.4,21,19.7,19.8,21.3,19.9,19.9,21.5,20.2,21.2,21,21.3,20.9,22.2,20.8,21.9,20,22.4,21.2,20.2,72,80,75,76,77,79,86,76,82,80,82,77,78,85,86,84,74,83,72,70,76,80,87,91,72,82,84,74,77,73,80,75,83,74,79,78,86,75,70,85,0,0,0,0,0,0,0,0,0,0,0,0,0,0,0,0,0,0,0,0,0,0,0,0,0,0,0,0,0,0,0,0,0,0,0,0,0,0,0,0,4.7,4.9,7.7,4.8,3.3,3.3,4.1,5.1,5.5,5.5,4.7,6.4,4.3,3.3,5.4,5.4,3.5,4.1,4.1,9.8,5.6,2.5,4,3.4,5.2,4.4,5.8,7.1,7.9,6.2,7.7,4.3,2.2,1.8,2.5,4.1,2.7,5.2,9.6,5.1,,,,,,,,,,,,,,,,,,,,,,,,,,,,,,,,,,,,,,,,,20.5,20.9,20.8,20.8,20.7,21.4,20.6,20.5,20.5,20.4,20.5,20.2,21.2,21,20.5,19.9,21.3,20.4,20.8,20.5,20.5,20.6,20.9,20.2,20.4,21.1,20.4,20.5,20.7,21.1,19.8,81,78,79,78,76,77,79,83,80,78,83,80,79,68,80,81,76,82,79,79,80,81,79,78,82,74,78,80,83,73,83,0,0,0,0,0,0,0,0,0,0,0,0,0,0,0,0,0,0,0,0,0,0,0,0,0,0,0,0,0,0,0,20.5,17.4,20.6,19.8,23.3,16.2,22.5,19.2,21.1,22.1,18.5,21.9,22.1,6.4,22.9,22.6,18.2,27.1,21,20.7,21.7,23.6,15.1,28.5,22.7,14.4,23.5,22.4,22.1,15.5,26.1,25.2,21.2,24.1,24.5,27.7,19.4,27.4,23.8,25.6,25.6,22,26.3,27.7,8.6,27.4,26.6,22.3,33.8,25.6,25.6,27.4,29.5,18.7,36,27.4,16.2,28.1,28.1,27.4,18.7,32.8,,,,,,22.2204,114.2127
2025-12-24T22:00,21.4,20.5,20,20.8,20,19.5,19.7,20.4,20.1,20,20.6,20.9,20.6,19.9,19.7,20.6,18.9,20,19.7,20.1,20.3,20.8,19.3,19.6,21.1,19.4,19.7,20.7,19.7,21,20.5,21.1,20.7,21.5,20.6,21.6,19.6,21.5,20.6,19.8,74,78,78,75,81,80,86,76,83,81,81,74,79,89,90,87,76,86,73,69,78,79,91,93,72,86,86,71,74,75,77,77,86,79,79,80,87,75,68,88,0,0,0,0,0,0,0,0,0,0,0,0,0,0,0,0,0,0,0,0,0,0,0,0,0,0,0,0,0,0,0,0,0,0,0,0,0,0,0,0,4.6,5.4,7.8,6.3,3.3,3.6,4.3,4,6.3,5.9,6.4,8.7,4.2,3.2,5.4,5.8,3.8,3.6,4.1,10.6,5.6,4.7,3.9,3.6,5.9,4.7,7.2,11.2,9.6,6.6,11.2,3.9,2.7,4,3.1,4.6,3.3,7.3,11.2,5.4,,,,,,,,,,,,,,,,,,,,,,,,,,,,,,,,,,,,,,,,,20.4,20.8,20.6,20.7,20.5,21,20.5,20.4,20.5,20.2,20.5,20.1,21,21,20.3,19.9,21.1,20.2,20.6,20.4,20.5,20.5,20.8,20.1,20.3,21,20.4,20.5,20.5,20.9,19.7,82,80,79,80,79,80,80,84,82,80,84,82,81,68,81,82,79,82,80,81,81,82,82,79,84,77,78,81,84,76,83,0,0,0,0,0,0,0,0,0,0,0,0,0,0,0,0,0,0,0,0,0,0,0,0,0,0,0,0,0,0,0,20.8,17.7,20.5,18.7,23.7,17.2,23.7,20.5,21.1,22.2,18.4,21.8,22.1,6,22.3,21.8,19.7,27.7,20.4,20.9,23.8,24.2,15.3,28.8,22.6,15.2,22.6,21.5,22.9,16.9,27,25.6,21.6,24.5,24.1,28.8,20.9,29.5,25.2,26.3,26.3,22,26.3,27.4,8.3,27,26.3,23.8,34.9,25.2,25.2,29.5,30.2,18.4,36,27.4,16.9,27.7,27,28.1,19.8,33.1,,,,,,22.2204,114.2127
2025-12-24T23:00,21.2,20.4,19.9,20.3,19.6,19.2,19.4,20.3,20,19.9,20.4,20.5,20.4,19.7,19.5,20.4,18.5,19.8,19.5,19.4,20.2,20.4,19,19.4,20.8,19,19.6,19.9,19.3,20.9,19.8,20.8,20.4,20.8,20.4,21.4,19.3,20.6,19.9,19.6,76,77,81,74,84,80,85,77,84,82,79,72,79,89,92,88,78,87,74,68,80,77,92,93,72,88,87,69,72,77,74,78,87,81,79,80,88,75,66,90,0,0,0,0,0,0,0,0,0,0,0,0,0,0,0,0,0,0,0,0,0,0,0,0,0,0,0,0,0,0,0,0,0,0,0,0,0,0,0,0,4.7,5.9,7.5,8.2,3.2,5.2,4.4,3.8,6.6,6.3,7.8,11.2,4.1,4.1,5.2,5.9,4.4,3.2,4,11.4,5.6,6.8,5.3,4.3,6.9,4.7,7.7,14.1,10.7,6.6,14.4,4.3,4.7,6.6,3.7,5.5,3.6,9.4,12.8,5.4,,,,,,,,,,,,,,,,,,,,,,,,,,,,,,,,,,,,,,,,,20.4,20.7,20.4,20.6,20.4,20.8,20.4,20.3,20.4,20.1,20.4,20,20.9,20.9,20.1,19.8,20.9,20,20.5,20.2,20.3,20.3,20.6,20,20.2,20.8,20.3,20.5,20.4,20.6,19.6,83,81,80,81,81,83,81,85,84,82,85,83,82,69,82,82,80,83,81,83,82,83,84,79,85,79,79,81,85,78,84,0,0,0,0,0,0,0,0,0,0,0,0,0,0,0,0,0,0,0,0,0,0,0,0,0,0,0,0,0,0,0,21.3,17.3,20.6,18.4,23.1,18,24.9,21.7,21.5,22,18.3,21.4,21.9,6.9,21.7,21.8,20.9,28.6,20.3,20.7,25.4,25,14.6,28.8,22.7,15.4,22.7,20.8,24.1,17.4,27.7,26.3,21.6,24.8,23.8,28.8,22,31.3,26.6,26.6,26.6,22.3,25.9,27.4,8.3,27,26.6,25.2,35.6,25.2,25.2,31.3,31,18,36,27.4,17.3,28.1,26.3,29.2,20.5,33.5,,,,,,22.2204,114.2127
2025-12-25T00:00,21.1,20.2,19.6,19.7,19.4,18.9,19.1,20.1,20,19.8,19.9,19.7,20.3,19.5,19.6,20.4,18.2,19.7,19.3,18.7,20,19.9,18.9,19.2,20.4,18.7,19.4,19.2,18.8,20.8,18.8,20.6,20.2,20.1,20.2,21.1,19.1,19.9,19.2,19.7,78,78,83,72,87,77,84,79,85,81,76,70,79,85,90,88,81,86,76,68,83,76,89,88,71,90,87,68,72,79,72,79,83,79,80,78,89,74,65,89,0,0,0,0,0,0,0,0,0,0,0,0,0,0,0,0,0,0,0,0,0,0,0,0,0,0,0,0,0,0,0,0,0,0,0,0,0,0,0,0,4.6,5.8,7,10.3,2.9,7.2,4.4,4.2,6.5,6.4,9,12.5,4,5.4,5.6,5.8,4.7,2.9,3.6,12.6,5.2,8.3,6.6,5.6,7.9,4.6,7.4,14.3,10.5,6,16.2,5.5,6.1,9.4,3.5,6.8,3.3,10.1,14.6,5.4,,,,,,,,,,,,,,,,,,,,,,,,,,,,,,,,,,,,,,,,,20.3,20.6,20.2,20.5,20.3,20.6,20.2,20.2,20.2,20,20.3,20,20.9,20.8,20,19.6,20.8,19.9,20.4,20.1,20.1,20.1,20.5,20,20.1,20.6,20,20.5,20.2,20.5,19.5,84,82,81,83,82,84,82,86,85,84,85,84,82,71,83,83,80,84,82,83,83,83,85,79,86,80,80,81,86,79,85,0.1,0.1,0,0,0.1,0.1,0,0,0,0,0.2,0,0.3,0,0,0,0.2,0,0,0,0,0,0,0,0,0,0,0.1,0,0,0,21.9,17.2,22.2,18.8,21.9,18.3,25.9,22.6,21.6,22,19.4,21.3,22.2,8.4,22.7,23,21.7,29.6,20.9,21.1,26.7,25.9,13.4,28.6,22.5,15.1,24.7,20.9,25.6,17.3,28.1,27,21.6,26.3,23.8,27.4,22.3,32,27.4,26.6,26.6,23.4,25.6,27.7,9.4,28.1,27.7,26.3,36.4,25.6,25.6,32.8,32,16.6,35.6,27,17.6,29.5,25.9,30.6,20.5,34.6,,,,,,22.2204,114.2127
2025-12-25T01:00,20.9,20.1,19.4,19.1,19.3,18.6,18.9,20,20,19.7,19.4,18.9,20.3,19.3,19.9,20.4,17.9,19.8,19.2,18,19.9,19.3,18.9,19,19.9,18.6,19.4,18.5,18.4,20.6,17.7,20.4,20,19.5,20,20.8,19,19.2,18.4,20,79,79,85,71,88,73,81,81,86,80,73,69,79,78,85,88,85,84,77,67,86,74,83,80,70,90,87,68,72,81,70,78,76,75,80,74,90,73,65,86,0,0,0,0,0,0,0,0,0,0,0,0,0,0,0,0,0,0,0,0,0,0,0,0,0,0,0,0,0,0,0,0,0,0,0,0,0,0,0,0,4.6,5.5,6.4,12.9,2.4,9.4,5.8,4.8,6.2,6.9,10.6,13.6,3.9,6.9,7.2,5.6,4.7,4,3.4,13.8,4.8,9.5,8.3,7.6,8.6,4,7.1,13,10.3,5.5,17.5,7.3,6.9,12.6,3.6,8.8,3.1,10.1,16.7,6.2,,,,,,,,,,,,,,,,,,,,,,,,,,,,,,,,,,,,,,,,,20.2,20.5,20,20.3,20.2,20.5,20,20.1,20.1,19.9,20.2,19.9,20.9,20.5,19.9,19.5,20.7,19.6,20.2,20,20,20,20.5,19.9,20,20.6,19.5,20.6,20.1,20.5,19.2,84,83,83,84,83,85,83,86,86,85,85,85,81,74,84,83,80,86,83,83,84,84,85,79,86,79,82,80,86,79,85,0.1,0.1,0,0,0.1,0.1,0,0,0,0,0.2,0,0.3,0,0,0,0.2,0,0,0,0,0,0,0,0,0,0,0.1,0,0,0,23,17.7,24.1,19.9,20.7,18.5,26.5,23.7,21.7,21.8,20.5,21.1,23,9.7,24.7,24.6,22.1,30.5,21.6,21.6,28,26.8,12.2,28.1,22,15.3,27.9,21.1,27.6,16.9,28.7,27.7,21.2,27.7,23.8,25.2,22.7,32.4,27.7,27,26.3,24.8,25.2,27.7,10.4,29.5,29.2,27,37.1,25.9,25.9,34.2,33.5,15.1,34.9,26.3,18,31.3,25.9,32.4,20.2,35.3,,,,,,22.2204,114.2127
2025-12-25T02:00,20.8,19.8,19.1,18.4,19.2,18.1,18.6,19.8,19.9,19.5,18.8,18.1,20.2,19,19.8,20.3,17.6,19.8,19.1,17.4,19.7,18.6,18.7,18.6,19.4,18.5,19.1,17.9,18,20.5,16.8,20,19.6,18.8,19.8,20.3,18.9,18.5,17.6,20.1,80,79,86,69,88,70,79,82,86,78,71,68,78,73,80,86,88,82,79,67,88,73,78,74,69,90,85,68,72,83,68,77,71,72,80,71,89,72,65,83,0,0,0,0,0,0,0,0,0,0,0,0,0,0,0,0,0,0,0,0,0,0,0,0,0,0,0,0,0,0,0,0,0,0,0,0,0,0,0,0,4.4,6.1,6,15.5,3.8,11.7,7.2,5.6,6.8,8.2,12.3,14.3,4.8,8.3,10.6,5.9,4.7,5.6,3.9,15.2,4.8,11,10.1,10.2,9.7,4.3,7.8,13,10.2,5,18.9,9.7,8.8,15.2,4.3,10.9,3.3,10.1,18.5,8,,,,,,,,,,,,,,,,,,,,,,,,,,,,,,,,,,,,,,,,,20.1,20.4,19.8,20.1,20.1,20.4,19.9,20,20,19.7,20.1,19.8,20.8,20.3,19.7,19.2,20.5,19.4,20.1,19.9,19.7,19.8,20.4,19.8,19.9,20.5,19.1,20.6,19.9,20.5,19,84,83,83,85,83,85,84,86,86,86,85,85,79,76,84,84,79,87,83,83,85,84,84,79,86,78,83,79,86,79,85,0.1,0.1,0,0,0.1,0.1,0,0,0,0,0.2,0,0.3,0,0,0,0.2,0,0,0,0,0,0,0,0,0,0,0.1,0,0,0,23.6,17.8,24.6,20.8,19.3,18.5,26.3,24.3,22.5,21.7,21.4,20.9,23.2,11.2,25.1,25.6,22.2,31.2,21.4,21.7,28.7,27.8,12.9,27.8,21.7,16.6,30.7,20.7,28.8,16.8,28.9,28.1,21.2,28.1,24.5,23.4,22.7,31.7,28.1,27.4,25.9,25.9,24.5,27.4,12.2,29.9,29.9,27.7,37.4,25.6,25.9,34.9,34.2,14.8,34.2,25.9,19.1,33.5,25.6,33.8,19.8,36,,,,,,22.2204,114.2127
2025-12-25T03:00,20.6,19.4,18.9,17.7,18.9,17.3,18.2,19.8,19.8,19.1,18.1,17.4,20,18.4,19,20.1,17.5,19.4,19,16.9,19.8,17.8,18.1,17.7,18.8,18.7,18.7,17.3,17.6,20.4,16.2,19.1,18.8,18.2,19.7,19.7,18.9,17.9,17,19.7,80,78,88,68,84,70,76,80,85,75,71,69,75,71,76,82,90,81,81,67,87,72,77,72,69,88,81,68,72,84,67,74,71,71,78,69,85,71,64,81,0,0,0,0,0,0,0,0,0,0,0.1,0,0,0,0,0,0,0,0,0,0,0,0,0,0,0,0,0,0,0,0,0,0,0,0,0,0,0,0,0,4.8,8.4,5.4,18.7,9.4,14.3,8,6.6,8.9,8.8,14.6,15.3,6.5,9.8,14.8,7.4,4,7.3,4.4,16.7,6.1,13.3,11.6,13.3,10.9,5.5,9.4,14.9,10.6,4.9,20.7,12.4,11.9,16.4,6.1,13,5,10.3,20.4,9.7,,,,,,,,,,,,,,,,,,,,,,,,,,,,,,,,,,,,,,,,,20,20.3,19.6,20,20,20.4,19.8,19.9,19.9,19.5,20,19.7,20.5,20.2,19.6,19.1,20.4,19.2,20,19.8,19.5,19.6,20.4,19.6,19.9,20.3,18.8,20.7,19.8,20.4,19,85,81,81,85,83,85,84,86,87,87,85,84,76,77,83,85,78,87,82,84,86,85,82,79,86,76,83,79,85,79,85,0.1,0,0,0.1,0.2,0,0,0,0,0,0.1,0,0.1,0,0,0,0.1,0,0,0,0,0,0,0,0,0,0,0.1,0,0,0,23.5,17.7,22.4,22.2,18.8,18.4,25,24.9,24.7,22.6,21.7,20.3,22.4,12.7,22.8,25.8,22.6,31.7,20,21.4,29.6,28.5,14.5,27.3,21.6,18.7,32.6,19.7,29.9,17.1,29,27.4,21.2,25.6,25.9,22.3,22.3,29.5,28.4,28.8,26.3,25.6,23,25.9,13.3,27.4,29.2,27.7,37.4,23.8,25.2,35.6,34.2,16.2,33.1,25.2,21.2,36,24.1,34.9,20.2,36,,,,,,22.2204,114.2127
2025-12-25T04:00,20.4,18.8,18.7,16.9,18.7,16.5,17.7,19.9,19.6,18.7,17.4,16.8,19.6,17.6,17.8,19.9,17.5,19,18.9,16.4,20,17,17.3,16.7,18.2,18.9,18.1,16.8,17.2,20.4,15.9,17.9,17.8,17.6,19.7,19,18.9,17.4,16.5,19.2,80,75,90,68,78,70,74,77,84,72,72,70,72,71,72,77,92,81,84,67,84,70,76,71,69,85,77,67,71,85,65,70,72,71,75,67,80,70,64,78,0,0,0,0,0,0,0,0,0,0,0.1,0,0,0,0,0,0,0,0,0,0,0,0,0,0,0,0,0,0,0,0,0,0,0,0,0,0,0,0,0,5.8,12.1,4.9,22.3,17,17.1,9.1,8.1,12.9,8.7,16.9,16.8,8.7,11,19.6,9.8,3.3,9.7,5.2,18.2,9,16.2,13.1,16.6,12.4,7.3,11.3,18.2,11.4,4.6,22.3,15.2,15.3,16.8,8.7,14.9,7.6,10.6,22.4,11.5,,,,,,,,,,,,,,,,,,,,,,,,,,,,,,,,,,,,,,,,,19.8,20.2,19.5,20,20,20.3,19.6,19.6,19.6,19.4,19.9,19.7,20.2,20.1,19.6,18.9,20.1,19,19.8,19.6,19.2,19.4,20.3,19.5,19.8,20.1,18.4,20.6,19.5,20.3,19,85,79,78,85,84,86,84,85,87,87,85,83,72,78,82,85,76,87,81,85,88,85,80,78,85,74,82,78,84,78,85,0.1,0,0,0.1,0.2,0,0,0,0,0,0.1,0,0.1,0,0,0,0.1,0,0,0,0,0,0,0,0,0,0,0.1,0,0,0,22.9,17.1,19,23.5,18.7,18.6,23,25.9,27.3,23.6,21.6,19.5,21.3,14.3,19.4,25.6,24,31.8,18.1,20.6,30.3,29.4,16.6,26.8,22,21.1,34.2,18.4,30.7,17.6,28.7,26.3,21.2,21.2,28.1,22,21.6,26.3,28.8,31,26.6,24.8,21.2,23.4,15.1,23.8,27.7,27.7,36.7,21.6,24.5,35.6,34.2,19.1,31.7,24.5,24.5,38.5,22,35.3,20.5,35.3,,,,,,22.2204,114.2127
2025-12-25T05:00,20.1,18.1,18.5,16.3,18.2,15.7,17.1,19.8,19.2,18.1,16.7,16.3,19.1,16.9,16.8,19.4,17.4,18.4,18.7,16,19.8,16.3,16.5,15.8,17.6,18.8,17.4,16.3,16.8,20.3,15.5,16.9,16.9,17.1,19.5,18.2,18.6,16.9,16.1,18.6,80,73,90,67,73,71,71,75,81,70,72,71,69,71,69,73,90,79,84,67,80,69,76,71,69,81,73,67,71,85,65,67,73,71,72,66,75,69,63,76,0,0,0,0,0,0,0,0,0,0,0.1,0,0,0,0,0,0,0,0,0,0,0,0,0,0,0,0,0,0,0,0,0,0,0,0,0,0,0,0,0,7,15.3,6,25,23.1,19.7,10.2,9.6,16.6,9.4,18.9,17.9,10.7,12.2,23.2,12.6,4.8,11.2,6.4,19.4,12.4,18.4,15.2,19.1,13.2,9.3,13.7,21,13,5.1,24,17.7,18.7,17.2,10.6,17.8,10,11.6,24,13,,,,,,,,,,,,,,,,,,,,,,,,,,,,,,,,,,,,,,,,,19.5,20.1,19.4,19.8,19.8,20.1,19.5,19.5,19.5,19.2,19.6,19.5,19.8,19.8,19.5,18.7,19.8,19,19.6,19.5,19,19.1,20.1,19.4,19.6,19.8,18.1,20.5,19.4,20.1,18.9,84,76,75,84,82,84,82,84,86,86,83,81,69,78,80,84,74,85,79,84,88,85,77,77,83,72,81,77,82,77,84,0.1,0,0,0.1,0.2,0,0,0,0,0,0.1,0,0.1,0,0,0,0.1,0,0,0,0,0,0,0,0,0,0,0.1,0,0,0,22.2,18.1,17.6,24.1,18.9,19,21.4,25.8,28.7,23.8,21.7,18.9,20.4,16.1,18.1,24.8,25.7,30.6,17.6,20,30,29,19,25.1,22.2,23.6,34.5,19,30.1,18.9,28,25.9,22.7,19.8,29.5,22.3,22,24.1,29.2,32,27,25.2,20.5,22,18.7,22,27.7,28.4,35.6,20.2,23.8,35.3,33.1,22.7,29.9,24.8,27.7,39.2,21.6,34.6,21.6,33.8,,,,,,22.2204,114.2127
2025-12-25T06:00,19.6,17.4,18.3,15.8,17.3,15.2,16.3,19.4,18.2,17.6,16.1,15.9,18,16.2,16.1,18.4,17,17.6,18.2,15.5,18.8,15.8,15.9,15.2,17,18.2,16.6,15.8,16.2,20.3,15.1,16.1,16.3,16.6,18.9,17.2,17.9,16.5,15.6,17.9,80,72,88,67,69,71,69,74,77,70,72,71,68,70,69,72,83,74,81,68,75,69,75,72,69,77,72,67,71,84,66,66,72,70,71,66,72,69,63,75,0,0,0,0,0,0,0,0,0,0,0,0,0,0,0,0,0,0,0,0,0,0,0,0,0,0,0,0,0,0,0,0,0,0,0,0,0,0,0,0,7.9,17.7,9.4,27.2,25.7,21.9,11.9,11.4,18.7,10.9,20.1,18.3,11.8,13.5,25,14.8,8.4,11.7,7.2,19.9,15.9,19.3,17.6,19.9,13.3,10.8,16.4,22.6,15.6,5.9,25.2,19.9,21.5,17.7,11,21.6,11.5,13.9,24.9,13.5,,,,,,,,,,,,,,,,,,,,,,,,,,,,,,,,,,,,,,,,,19.4,19.7,19,19.6,19.6,19.8,19.2,19.4,19.3,19.1,19.1,19.4,19.3,19.1,19,18.5,19.3,19,19.3,19.4,19.1,19.1,19.5,19.5,19.2,19.2,18.1,20,19.3,19.7,19,80,73,72,80,77,79,77,81,82,83,78,77,68,76,76,79,72,81,75,81,86,83,73,76,79,70,80,74,81,74,83,0,0,0,0,0,0,0,0.1,0,0,0,0,0,0,0,0.1,0,0,0,0,0.1,0,0,0,0,0,0,0,0,0,0,21.7,21.2,19.5,23.6,19.8,20.8,20.5,24.9,27.4,22.9,22.7,20.2,20,20,20,24.9,26.6,27,18.2,20.4,28.1,27.7,22.6,20.9,23.3,26.7,32.6,21.3,27.8,20.3,26.1,26.3,26.3,22.7,29.9,24.5,24.5,23,29.2,31.3,26.3,28.1,22,21.2,27.4,24.5,30.6,30.6,33.1,20.5,23.8,33.8,31,28.1,27,28.1,32,36.4,24.1,31.7,23,31,,,,,,22.2204,114.2127
2025-12-25T07:00,19.1,16.6,18.2,15.3,16.2,14.8,15.5,18.8,17,17,15.6,15.6,16.7,15.5,15.5,17.3,16.5,16.8,17.6,15.1,17.4,15.6,15.2,14.8,16.3,17.3,15.8,15.4,15.5,20.4,14.7,15.5,15.8,16.1,18.1,16.2,17,16.1,15.1,17.3,80,71,84,66,66,72,67,74,72,71,71,71,67,69,69,73,73,68,76,68,68,69,74,73,70,72,72,67,72,83,68,67,71,69,70,67,69,69,63,74,0,0,0,0,0,0,0,0,0,0,0,0,0,0,0,0,0,0,0,0,0,0,0,0,0,0,0,0,0,0,0,0,0,0,0,0,0,0,0,0,8.8,19.9,14.2,28.9,26.3,23.8,13.8,13.8,20.2,12.6,20.8,19,12.3,14.6,25.9,17.2,12.7,11.5,8.1,20.3,19.3,19.9,20.4,19.9,13,12.4,19.4,23.2,18.6,6.9,26.2,21.7,23.7,18.3,11.1,25.8,12.3,17.2,25.3,13.7,,,,,,,,,,,,,,,,,,,,,,,,,,,,,,,,,,,,,,,,,19.2,19.2,18.6,19.4,19.4,19.3,18.9,19.3,19.1,19,18.5,19,18.8,18.1,18.5,18.1,18.7,19.2,18.9,19.2,19.2,19.1,18.7,19.6,18.8,18.5,18.3,19.3,19.2,19.2,19,75,69,68,76,71,73,71,78,76,78,72,73,68,72,70,71,70,76,71,77,82,79,69,75,73,67,79,69,79,71,82,0,0,0,0,0,0,0,0.1,0,0,0,0,0,0,0,0.1,0,0,0,0,0.1,0,0,0,0,0,0,0,0,0,0,22.9,25.1,23.3,24.4,21.9,23.9,20.6,24.9,25.6,22.1,25.5,23,19.7,27,23.6,26.9,27.7,23.3,19.7,21.9,26.5,26,26.9,18.4,26.3,29.6,29.6,24.7,24.5,22.4,23.7,27.4,31,28.1,29.9,27.7,28.1,22.7,28.8,29.9,25.2,32,24.8,21.2,37.8,29.2,34.9,33.5,29.5,22.3,24.5,32,28.4,34.6,24.1,32.4,36.7,32,28.4,27.7,24.8,27.4,,,,,,22.2204,114.2127
2025-12-25T08:00,18.7,16.1,18.1,15.1,15.4,14.6,14.9,18.4,16.2,16.4,15.3,15.5,15.8,15.3,15.2,16.6,16.2,16.2,16.9,14.9,16.2,15.4,15,14.5,16,16.6,15.2,15.1,15.2,20.3,14.4,15.2,15.5,15.9,17.6,15.6,16.3,15.8,14.9,16.8,78,69,79,65,64,71,65,72,67,71,70,70,66,68,69,72,65,64,72,68,64,68,72,73,69,68,71,66,71,80,69,67,68,67,69,67,67,69,62,73,0,0,0,0,0,0,0,0,0,0,0,0,0,0,0,0,0,0,0,0,0,0,0,0,0,0,0,0,0,0,0,0,0,0,0,0,0,0,0,0,11,22.3,19.3,30.2,26.9,25.6,16,16.4,21.5,14.5,21.5,20.2,13.9,16.1,26.8,19.6,16.9,12.4,10.4,21.1,23.1,20.9,22.7,19.9,13.9,14,22.1,24.2,21.2,8.9,27.1,23.4,25.6,19.5,12.2,29.6,13.9,19.6,25.7,14.7,,,,,,,,,,,,,,,,,,,,,,,,,,,,,,,,,,,,,,,,,19.1,18.9,18.2,19.2,19.1,19,18.6,19.1,19,18.9,18.1,18.8,18.4,17.5,18.2,18,18.1,19.2,18.6,19,19.2,19,18.2,19.6,18.5,18,18.3,18.8,19.1,18.9,19,70,66,66,71,66,68,66,74,71,73,67,69,67,69,66,65,68,72,67,73,78,75,66,73,68,65,77,66,77,67,80,0,0,0,0,0,0,0,0.1,0,0,0,0,0,0,0,0.1,0,0,0,0,0.1,0,0,0,0,0,0,0,0,0,0,25,28.1,26.8,25.5,24.4,25.9,21.3,25.3,25.1,22.1,28.4,25.5,20.1,32.6,26.8,29.3,27.9,22.3,21.4,23.5,26.3,24.8,30.7,19.9,29.4,31.7,26.3,27.2,22.6,24.5,21.8,28.8,34.9,32.8,29.5,30.6,30.6,23,28.4,28.1,24.8,34.6,27.4,22,44.6,33.1,37.4,34.6,27.7,24.5,24.8,30.6,26.3,39.2,24.1,35.6,39.6,28.4,31.3,24.8,27.4,24.8,,,,,,22.2204,114.2127
2025-12-25T09:00,18.5,16.1,18.1,15.2,15,14.6,15,18.3,16.3,15.9,15.5,15.8,15.6,15.7,15.3,16.7,16.3,15.9,16.2,15.1,15.7,15.4,15.2,14.5,16,16.4,15.2,15.1,15.4,20.2,14,15.1,15.2,16.2,17.3,15.7,16.1,15.7,15.1,16.7,74,66,73,62,62,69,63,68,63,70,68,67,64,66,67,69,60,64,70,66,63,67,69,72,66,66,68,64,68,75,69,66,64,64,67,65,64,68,60,71,0,0,0,0,0,0,0,0,0,0,0,0,0,0,0,0,0,0,0,0,0,0,0,0,0,0,0,0,0,0,0,0,0,0,0,0,0,0,0,0,14,25.4,24.3,31.8,28.1,27.3,18.9,19.8,23.6,16.2,23,23.6,17,18.9,28.9,21.8,20.3,15.4,13.6,23.7,28,23.4,24.9,21,17,16.3,24.8,25.8,23.1,12.2,28.4,25.4,26.9,22.8,15.6,32.1,16.3,21.5,26.6,17.6,,,,,,,,,,,,,,,,,,,,,,,,,,,,,,,,,,,,,,,,,19.1,18.9,18,19.1,19,19,18.6,18.9,19,18.9,18.1,18.6,18.3,17.4,18.2,18.2,17.8,19,18.6,19,19.2,18.8,18.2,19.7,18.6,18,18.1,18.6,19,18.9,18.9,66,64,65,67,63,66,64,70,67,69,65,66,65,67,64,62,68,69,65,69,73,71,64,69,65,64,74,64,73,64,75,0,0,0,0,0,0,0,0,0,0,0,0,0,0,0,0,0,0,0,0,0,0,0,0,0,0,0,0,0,0,0,26.1,29.2,28.8,24.6,26.1,25.4,22.5,24.7,23.7,22.7,28,26.3,21.5,33.3,28.7,28.6,26.7,22.9,23.6,23.5,25.9,23.7,32.2,24.5,30.1,31.8,23.3,27.5,22.1,26.2,20.9,30.2,36.4,36,28.1,33.1,29.9,24.5,28.4,26.3,25.9,33.1,29.2,24.5,43.6,35.6,36,32.8,28.8,27.7,25.2,30.2,25.9,41.8,29.5,36.7,40,27,31.7,24.1,30.6,24.5,,,,,,22.2204,114.2127
2025-12-25T10:00,18.4,16.3,18,15.6,14.9,14.9,15.4,18.4,16.7,15.5,15.9,16.2,15.9,16.4,15.6,17.3,16.6,15.8,15.4,15.6,15.4,15.6,15.7,14.7,16.3,16.4,15.4,15.1,16,19.9,13.7,15.3,15.1,16.7,17.3,16.1,16.2,15.7,15.7,16.8,69,63,66,59,61,67,62,63,60,69,65,64,61,63,63,65,57,65,68,62,64,65,65,71,62,64,64,61,65,69,67,66,60,61,64,62,62,66,57,69,0,0,0,0,0,0,0,0,0,0,0,0,0,0,0,0,0,0,0,0,0,0,0,0,0,0,0,0,0,0,0,0,0,0,0,0,0,0,0,0,17.6,28.6,29.2,33,29,28.7,22.2,23.7,25.5,17.9,24.9,27.8,20.7,22.4,31,23.6,23.4,18.9,16.9,26.8,33.2,26,27.1,22.4,21.5,19.2,27.9,27.6,24.5,16.8,29.6,27,27.2,26.8,19.8,33.7,19.1,23,27.3,21,,,,,,,,,,,,,,,,,,,,,,,,,,,,,,,,,,,,,,,,,19,19,17.9,19.1,18.9,19,18.7,18.5,18.9,18.9,18.3,18.6,18.5,17.5,18.4,18.5,17.5,18.6,18.8,19,19,18.5,18.6,19.7,19,18.2,17.8,18.6,19,19,18.8,63,62,65,64,62,65,63,67,64,64,65,64,62,66,62,61,68,65,63,65,66,66,62,65,63,62,69,63,67,61,68,0,0,0,0,0,0,0,0,0,0,0,0,0,0,0,0,0,0,0,0,0,0,0,0,0,0,0,0,0,0,0,26.1,29.1,29.7,22.7,27.2,23.8,24,24.3,21.9,23.2,26.1,25.8,23.1,31.4,29.8,26.3,25,24.7,25.9,22.5,25.2,23,32.8,29.7,29.7,30.7,22.2,26.2,22.2,27.3,20.6,32.4,37.1,38.5,26.3,35.6,28.1,26.6,28.8,24.1,27.7,30.2,30.2,27.4,38.5,37.8,32.8,29.2,31,31.7,25.9,30.2,25.9,42.5,37.8,36.4,38.9,26.6,31,24.5,34.6,24.8,,,,,,22.2204,114.2127
2025-12-25T11:00,18.2,16.6,18.1,15.9,14.9,15.1,15.7,18.6,17.1,15.3,16.2,16.7,16.2,16.9,15.8,17.8,16.8,15.7,14.8,16.1,15.1,15.6,16.4,14.8,16.7,16.5,15.7,15.4,16.5,19.6,13.5,15.4,15.3,17.2,17.3,16.5,16.4,15.7,16.2,16.8,65,60,60,56,60,64,60,59,57,68,63,60,58,60,60,61,55,66,67,58,65,63,61,69,59,63,61,58,61,64,66,65,55,58,61,59,59,64,54,67,0,0,0,0,0,0,0,0,0,0,0,0,0,0,0,0,0,0,0,0,0,0,0,0,0,0,0,0,0,0,0,0,0,0,0,0,0,0,0,0,20.4,31,32.8,34,29.7,29.4,24.6,26.8,26.8,19.2,25.9,30.8,23.6,24.9,32.3,25,25.7,21.8,19.7,29,36.6,27.9,28,23.4,24.5,21.4,30.2,28.6,25.5,21,30.2,28.1,27.3,29.7,23.1,34.8,21.4,24,27.9,23.8,,,,,,,,,,,,,,,,,,,,,,,,,,,,,,,,,,,,,,,,,19,19.1,17.8,19.1,18.8,19,18.8,18.2,19,19,18.5,18.5,18.8,17.7,18.6,18.7,17.4,18.5,19,19,19,18.5,19,19.6,19.3,18.5,17.5,18.6,18.9,19.3,18.8,61,61,65,61,61,64,62,64,62,61,64,63,60,65,61,60,68,63,62,62,62,63,61,61,61,61,66,62,63,58,63,0,0,0,0,0,0,0,0,0,0,0,0,0,0,0,0,0,0,0,0,0,0,0,0,0,0,0,0,0,0,0,26.6,29.5,30.5,21.4,28.8,23.1,24.3,24.5,20.5,24,24.8,25.7,24.3,29.4,30,24.6,23.7,25.7,27.7,22,24.9,22.7,32.8,33.9,29.4,29.3,23.2,25.6,22.5,28.4,20.9,33.8,37.8,40.3,25.6,37.4,27.4,27.7,29.2,23,29.2,28.4,31,29.9,34.6,38.5,30.2,27,32.8,34.9,26.3,30.2,25.9,42.5,43.9,36,37.4,26.6,30.6,24.5,37.1,24.8,,,,,,22.2204,114.2127
2025-12-25T12:00,18,16.9,18.5,16.1,14.7,15.3,16,19.1,17.2,15.5,16.4,17.2,16.5,17,15.9,18.4,16.6,15.8,14.4,16.7,14.9,15.4,17.2,14.9,17.1,16.7,16.1,15.9,16.9,19.4,13.5,15.2,15.8,17.9,17.3,16.7,16.8,15.5,16.7,16.7,64,57,56,53,59,62,58,56,54,66,61,55,55,57,58,58,54,65,67,53,64,61,57,66,57,61,58,54,57,61,65,64,50,54,59,57,57,62,51,64,0,0,0,0,0,0,0,0,0,0,0,0,0,0,0,0,0,0,0,0,0,0,0,0,0,0,0,0,0,0,0.1,0,0,0,0,0,0,0,0,0,22.3,31.7,34.1,34,29.3,29.4,25.4,28,27.3,20.5,25.8,31.2,24.6,25.5,32.1,25.6,26.3,22.5,21.1,29.1,37.6,27.6,27.7,23.3,24.7,22.8,31.2,28.3,25.6,23.7,28.8,28.1,26.8,30,24.9,34.5,22.9,24.3,28,25.2,,,,,,,,,,,,,,,,,,,,,,,,,,,,,,,,,,,,,,,,,19.2,19.4,17.9,19.4,18.9,19,18.9,18.2,19.4,19.6,18.8,18.3,19.2,18,19,18.6,17.8,18.6,19.2,19.1,19,18.9,19.4,19.7,19.6,19,17.6,18.8,19,19.6,19,60,60,64,59,60,64,60,63,60,59,62,63,59,63,60,60,66,61,60,61,61,61,59,59,59,59,64,60,61,56,60,0,0,0,0,0,0,0,0,0,0,0,0,0,0,0,0,0,0,0,0,0,0,0,0,0,0,0,0,0,0,0,28.5,31.6,31.1,22.6,31.3,25.2,23.1,25.6,20.8,25.1,25.5,25.7,24.5,28.2,29.1,24.6,24.4,26.3,28.6,22.3,25.1,21.3,32.5,35.7,30.2,28.4,23.6,26.3,21.9,28.8,19.7,35.3,39.6,40.3,26.6,39.2,29.9,26.6,30.2,23,30.6,29.2,30.6,30.6,33.1,37.4,29.5,27.7,33.1,36.4,26.3,29.9,24.8,41,45.7,36,36,26.6,31.3,23.8,37.4,23,,,,,,22.2204,114.2127
2025-12-25T13:00,17.8,17.2,19,16.3,14.6,15.5,16.2,19.8,17.3,15.9,16.6,17.7,16.8,16.9,16,19,16.3,16,14.2,17.2,14.8,15.1,18,15.1,17.6,17.1,16.5,16.5,17.2,19,13.7,15,16.7,18.6,17.4,16.8,17.4,15.3,17.3,16.6,64,53,53,51,58,60,56,53,51,63,59,50,52,54,55,54,54,63,68,48,62,59,53,63,55,59,54,49,53,59,63,64,46,49,56,56,54,59,49,61,0,0,0,0,0,0,0,0,0,0,0,0,0,0,0,0,0,0,0,0,0,0,0,0,0,0,0,0,0,0,0.1,0,0,0,0,0,0,0,0,0,23.3,31.2,34.2,33,28,28.7,25.6,28.6,27.2,21.3,24.9,30.5,24.9,25.5,31.2,25.8,25.8,22.5,21.8,28.6,36.8,26.3,27,22.5,23.7,23.7,31.8,27,25.1,25.6,26.6,27,25.6,28.9,25.8,33.8,23.6,24,27.5,25.9,,,,,,,,,,,,,,,,,,,,,,,,,,,,,,,,,,,,,,,,,19.5,19.5,18.1,19.7,19.1,18.8,19.1,18.2,19.9,20.4,19,18,19.8,18.2,19.4,18.4,18.2,19,19.6,19.1,19.1,19.5,19.9,19.8,19.8,19.5,17.8,19,19,20,19.4,60,60,62,58,59,64,58,63,58,58,61,63,59,60,59,60,63,60,58,61,61,60,57,58,58,56,63,58,61,56,58,0,0,0,0,0,0,0,0,0,0,0,0,0,0,0,0,0,0,0,0,0,0,0,0,0,0,0,0,0,0,0,31.2,34.2,32,25.1,34.1,29,21.7,27.2,22,26,26.9,25.4,24.9,26.9,28,25.1,25.6,26.3,29.3,23.2,25.8,19.6,31.8,36.4,31,27.7,23.6,27.4,21.3,29.3,17.8,36.4,41.4,39.6,28.4,40.3,33.5,24.8,32,24.1,31.7,31,29.5,30.6,32.4,35.3,29.5,29.9,32.8,36.7,26.3,29.5,23.4,38.9,45.7,35.6,34.2,27,32,23,36.7,20.9,,,,,,22.2204,114.2127
2025-12-25T14:00,17.5,17.2,19,16.4,14.6,15.6,16.4,20.1,17.2,16.2,16.7,17.9,16.9,16.6,16.1,19.2,15.9,16,14,17.6,14.7,14.9,18.6,15.1,18,17.2,16.6,17,17.3,18.6,14,14.8,17.2,19.1,17.2,16.7,17.7,15.2,17.5,16.5,64,51,51,49,56,58,54,51,50,61,57,47,50,52,53,52,54,61,69,44,60,57,50,61,54,57,53,45,50,58,61,63,43,46,55,55,53,57,47,58,0,0,0,0,0,0,0,0,0,0,0,0,0,0,0,0,0,0,0,0,0,0,0,0,0,0,0,0,0,0,0.1,0,0,0,0,0,0,0,0,0,24,30.8,34.3,32.1,26.9,27.9,25.1,28.5,27.2,21.9,24.1,29.7,25.2,25.1,30.1,25.7,25.1,22.1,21.8,27.6,36.1,25.3,25.8,21.7,22.8,24.4,31.8,26.1,24.6,26.7,25,25.9,24.8,27.9,26.5,33,24.1,23.4,27,26.6,,,,,,,,,,,,,,,,,,,,,,,,,,,,,,,,,,,,,,,,,19.5,19.6,18.1,19.8,19.1,18.5,19.2,18.1,20,20.9,19.1,17.7,20.2,18.5,19.7,18.2,18.6,19.1,19.9,19,19.1,19.9,20.1,19.6,19.8,19.8,17.8,19.1,19.1,20.2,19.5,60,59,61,58,59,64,57,63,57,57,59,64,59,58,58,60,60,59,57,61,62,59,56,58,57,55,63,57,61,55,58,0,0,0,0,0,0,0,0,0,0,0,0,0,0,0,0,0,0,0,0,0,0,0,0,0,0,0,0,0,0,0,32.2,36.1,32.6,26.6,35.6,31.3,20.7,28.2,23.1,26.7,27.8,25.5,24.9,26.8,27.2,25.9,26.4,26.7,29.6,23.9,26,19.4,31.3,36.3,31.7,26.6,23.8,27.3,20.4,30.4,16.6,36.4,42.5,38.9,29.9,40.7,36,23,32.4,24.8,32.4,32.4,29.5,29.9,32.8,33.1,30.2,31,31.7,36.7,25.9,28.4,22.7,37.1,44.6,35.6,32.4,27,32,22.3,36.4,19.4,,,,,,22.2204,114.2127
2025-12-25T15:00,17.1,16.8,18.3,16.4,14.7,15.8,16.3,19.8,16.6,16.4,16.7,17.8,16.4,16.2,16.3,18.7,15.5,15.6,13.7,17.7,14.4,14.9,18.6,15,18.1,16.8,16,17.2,17,17.9,14.4,14.6,17.3,19.1,16.7,16.2,17.5,15.4,17.4,16.4,63,50,52,47,53,57,52,51,52,59,54,47,50,52,50,51,55,60,69,43,59,54,49,60,52,55,54,43,48,59,56,63,43,45,55,55,52,54,45,54,0,0,0,0,0,0,0,0,0,0,0,0,0,0,0,0,0,0,0,0,0,0,0,0,0,0,0,0,0,0,0,0,0,0,0,0,0,0,0,0,23.9,31.2,34,30.8,25.9,27.1,24.4,28.2,27.1,21.2,23.7,29.1,24.9,25.1,29,25.8,24.3,22.2,21.5,26.7,35.7,25.1,24.7,21,22.8,24.4,31.8,25.5,24,26.6,25,25.2,24,27.2,26.6,33.2,23.9,22.9,26.4,27.3,,,,,,,,,,,,,,,,,,,,,,,,,,,,,,,,,,,,,,,,,19.3,19.8,18,19.5,19,18.2,19.3,17.8,19.9,21,19.2,17.3,20.6,18.6,19.9,18.2,18.9,19,20.1,18.8,18.9,19.9,20,19.3,19.5,19.8,17.7,19.1,19.2,20.2,19.2,60,58,60,58,59,63,56,64,57,57,58,65,58,57,57,59,59,59,56,61,62,59,56,58,57,55,63,57,60,54,60,0,0,0,0,0,0,0,0,0,0,0,0,0,0,0,0,0,0,0,0,0,0,0,0,0,0,0,0,0,0,0,30.9,36.1,33,26.9,34.9,31,20.3,27.7,23.9,27,28.2,26.9,23,28.8,27,26.9,25.6,26.2,29.8,24.3,24.3,21.3,32.1,35.4,32.4,24.9,24,25.3,19.3,32.4,17.4,34.6,42.5,38.9,29.5,39.6,36,22,31.3,25.6,32.4,33.8,31.3,28.4,34.9,32,32,29.9,29.9,36,25.9,25.6,24.1,37.4,43.2,35.6,30.2,27,29.9,20.9,37.4,20.2,,,,,,22.2204,114.2127
2025-12-25T16:00,16.6,16.2,17.1,16.3,14.8,15.9,16.2,19.2,15.8,16.5,16.6,17.4,15.7,15.7,16.4,17.9,15,15,13.4,17.6,14,15.1,18.4,14.8,18,16.1,15,17.2,16.5,17,15,14.4,17.2,18.9,15.9,15.5,17,15.7,17,16.2,62,49,54,46,50,56,51,51,55,57,52,48,51,53,47,51,56,60,69,45,59,50,49,59,50,53,58,42,46,60,51,63,45,44,57,57,52,51,44,49,0,0,0,0,0,0,0,0,0,0,0,0,0,0,0,0,0,0,0,0,0,0,0,0,0,0,0,0,0,0,0,0,0,0,0,0,0,0,0,0,23.8,31.7,33.5,29.4,25.2,26.1,23.6,27.3,26.5,19.5,23.1,28.1,24.6,25.2,27.6,25.5,23.2,22,20.5,25.6,35.1,25.4,23.5,20.3,23.2,24.1,31.2,25.4,23.4,25.9,25.2,24.1,23.6,26.7,25.9,33.4,23.4,22,25.3,27.6,,,,,,,,,,,,,,,,,,,,,,,,,,,,,,,,,,,,,,,,,18.8,19.8,17.8,18.9,18.6,17.9,19.4,17.4,19.4,21,19.1,16.8,20.9,18.7,19.9,18.3,19,18.8,20.3,18.5,18.5,19.7,19.6,18.9,18.9,19.5,17.5,19,19.4,20.1,18.7,59,58,59,59,58,63,56,65,58,57,58,66,57,56,55,57,58,59,55,61,62,59,56,58,58,57,63,57,60,54,63,0,0,0,0,0,0,0,0,0,0,0,0,0,0,0,0,0,0,0,0,0,0,0,0,0,0,0,0,0,0,0,28.5,35.2,32.9,26.7,33.4,29.2,19.6,26.5,24.6,27.5,28.6,28.6,20.5,32,27.3,28,23.9,25.5,30.1,24.2,21.7,24.2,33,33.8,33.2,23.2,24,22.9,18,34.6,19.4,31.7,41.4,38.5,28.8,37.4,34.2,21.2,29.2,26.3,32,34.9,33.8,26.3,38.2,31,34.2,27.7,27.7,34.6,25.6,22.3,26.3,38.2,41.4,36,27.7,26.6,27,19.8,39.2,21.6,,,,,,22.2204,114.2127
2025-12-25T17:00,16,15.5,16.1,16.1,14.9,15.8,15.9,18.4,15.1,16.5,16.3,16.8,15,15.1,16.4,17,14.5,14.5,13.1,17.4,13.7,15.2,17.9,14.5,17.7,15.4,14.2,17,16,16.1,15.3,14.3,16.9,18.4,15.3,14.8,16.5,15.9,16.5,15.9,61,49,56,45,48,55,51,52,58,55,50,49,52,54,45,52,56,59,69,46,58,47,49,58,49,52,60,42,46,62,47,63,46,44,58,57,53,49,44,47,0,0,0,0,0,0,0,0,0,0,0,0,0,0,0,0,0,0,0,0,0,0,0,0,0,0,0,0,0,0,0,0,0,0,0,0,0,0,0,0,23.4,31.2,33.2,28.5,24.2,25.3,23.1,27.1,26.2,18.5,22.8,27.4,24.2,24.9,26.8,25.2,22.1,22.2,19.9,24.7,34.5,25.1,22.5,19.6,23.6,23.8,30.6,24.8,23,25.1,25.2,23.4,23,26.1,25.2,33.6,22.9,21.4,24.6,27.6,,,,,,,,,,,,,,,,,,,,,,,,,,,,,,,,,,,,,,,,,18.3,19.7,17.5,18.4,18.3,17.5,19.2,17,18.9,20.6,19.1,16.4,20.8,18.6,19.8,18.2,18.9,18.5,20.1,18.1,18,19.4,19.2,18.4,18.3,19.4,17.2,18.9,19.2,20,18.1,59,57,58,60,58,62,56,66,59,57,57,67,57,55,55,56,57,59,55,61,63,59,56,58,59,58,63,58,60,54,67,0,0,0,0,0,0,0,0,0,0,0,0,0,0,0,0,0,0,0,0,0,0,0,0,0,0,0,0,0,0,0,26.4,34.2,32.7,25.6,31.8,27.6,19.7,25.2,24.8,27.4,28.1,29.7,18.9,34.1,27,28.5,23.1,24,29.8,24.1,19.9,26.1,33.4,32,32.9,22.7,23.8,21.7,17.6,35.4,21.4,29.2,40.3,38.5,27.7,36,32.4,21.2,27,26.3,31.3,34.9,35.3,24.8,40.3,30.2,35.6,25.9,25.9,33.5,25.6,20.5,27.7,38.2,39.2,35.3,25.9,26.3,25.2,19.1,40,23.4,,,,,,22.2204,114.2127
2025-12-25T18:00,14.6,14.8,15.5,15.5,14.5,14.7,15.3,16.8,14.8,15.3,15.7,15.4,14.5,14.8,15.8,15.5,14.6,14.4,12.7,16.4,13.5,14.5,16.8,14.2,15.8,14.6,14.2,16.1,15.3,15.2,14.8,14.4,16.2,17.1,15,14.6,15.5,14.9,15.9,14.4,64,51,57,42,50,54,56,54,61,54,51,50,54,52,45,55,49,55,65,46,54,48,50,58,52,52,59,45,49,62,53,59,43,43,58,54,55,51,47,56,0,0,0,0,0,0,0,0,0,0,0,0,0,0,0,0,0,0,0,0,0,0,0,0,0,0,0,0,0,0,0,0,0,0,0,0,0,0,0,0,24.6,27.6,33.8,30.2,23.9,27,24.5,29.3,25.3,21.6,22.3,28.7,24.4,24.8,27.2,25,21.9,23.2,21.9,25.3,34.3,23.7,22.8,18.2,24.2,24,28.8,23.4,24.2,24.8,23.2,24.7,23.1,26.6,25.3,32.6,24,22,25.3,27.1,,,,,,,,,,,,,,,,,,,,,,,,,,,,,,,,,,,,,,,,,17.9,19.5,17.1,18,18,17.2,18.9,16.7,18.5,19.8,19,16.2,20.1,18.5,19.5,18,18.4,18,19.6,17.6,17.6,18.9,19,18,18,19.2,16.9,18.6,19,19.6,17.5,60,57,58,61,58,62,56,67,59,57,56,67,57,55,56,57,57,59,56,62,67,59,56,59,59,58,63,60,61,54,70,0,0,0,0,0,0,0,0,0,0,0,0,0,0,0,0,0,0,0,0,0.1,0,0,0,0,0,0,0,0,0,0.1,25.3,33.4,32,22.9,30.8,26.2,20.1,24,23.6,26.9,26.4,29.5,20.1,33.8,26.2,28.4,23,22.2,29.4,24.1,20.6,25.9,32,30.6,30.8,22.8,23.4,22.6,18.7,34.5,22.7,27.7,39.2,38.5,26.3,35.6,29.9,21.6,25.6,25.2,30.6,32.8,34.9,25.2,40.3,29.2,34.9,25.2,24.1,32.8,25.9,22.7,28.1,36.4,37.1,32.8,25.2,26.3,25.6,19.8,38.9,25.2,,,,,,22.2204,114.2127
2025-12-25T19:00,13.9,14.1,14.6,15.2,14.5,14.4,14.9,15.9,14.2,15,15.3,14.7,13.8,14.2,15.5,14.4,14.2,13.9,12.5,15.9,13.3,14.4,16.2,13.9,15.1,13.9,13.5,15.7,14.7,14.3,14.9,14.3,15.8,16.4,14.5,14,14.9,14.8,15.4,13.9,65,52,60,42,49,53,56,55,64,53,51,51,56,53,44,57,48,55,65,48,52,46,51,58,52,51,61,45,50,64,51,57,43,43,59,53,56,50,48,56,0,0,0,0,0,0,0,0,0,0,0,0,0,0,0,0,0,0,0,0,0,0,0,0,0,0,0,0,0,0,0,0,0,0,0,0,0,0,0,0,23.9,26.1,33.2,29.2,23,26.4,23.6,28.8,24.7,21,21.9,27.9,23.6,24.4,26.5,24.7,20.6,22.7,21,23.9,33,22.7,21.9,17.1,23.9,23.3,27.5,22.8,23.7,23.5,22.5,24.1,22.6,25.9,24.3,32.1,23.5,21.4,24.5,26.5,,,,,,,,,,,,,,,,,,,,,,,,,,,,,,,,,,,,,,,,,17.5,19.1,16.7,17.9,17.9,16.9,18.3,16.5,18,18.7,19,16.1,19.1,18.1,19.2,17.8,17.8,17.3,18.8,17,17.1,18.2,18.8,17.5,17.8,19.1,16.4,18.4,18.6,19.2,17,60,57,59,63,58,62,55,67,58,57,56,66,58,56,58,58,57,59,58,62,72,59,55,59,59,58,62,64,63,55,74,0,0,0,0,0,0,0,0,0,0,0,0,0,0,0,0,0,0,0,0,0.1,0,0,0,0,0,0,0,0,0,0.1,24.4,32.8,31.4,20.1,29.8,24.2,21,22.8,21.7,26.6,24.3,28.4,22.7,32.2,24.8,27.7,23.5,20.1,28.8,24,23.8,24.3,29.5,28.9,27.6,23.4,23,25,20.4,32.4,23.5,26.6,37.8,38.5,24.8,35.3,26.6,22.3,24.1,23.8,29.9,29.5,33.5,26.6,38.9,28.4,33.1,25.2,22.7,32,25.9,26.3,27.7,33.5,34.9,29.2,25.6,25.9,27.4,21.6,37.1,27,,,,,,22.2204,114.2127
2025-12-25T20:00,13.3,13.6,13.9,14.9,14.4,14.1,14.6,15.1,13.8,14.7,14.9,14.2,13.3,13.8,15.3,13.7,13.9,13.5,12.3,15.4,13,14.3,15.6,13.7,14.5,13.4,13,15.4,14.1,13.7,14.9,14.1,15.4,15.8,14,13.5,14.4,14.6,15,13.4,65,52,61,41,48,53,57,56,66,52,51,52,57,53,43,58,47,55,64,49,51,45,51,58,52,51,61,45,51,65,50,56,44,44,59,53,57,49,49,56,0,0,0,0,0,0,0,0,0,0,0,0,0,0,0,0,0,0,0,0,0,0,0,0,0,0,0,0,0,0,0,0,0,0,0,0,0,0,0,0,23.6,24.9,32.3,28.1,21.9,25.4,22.6,28.8,24,20.3,21.5,26.8,22.5,23.8,25.6,24,19.6,22,20.3,23.1,32,21.9,21.1,16,23.2,22.3,26.9,22.1,23.5,22.3,21.9,23.4,22.3,25,23.2,31.6,22.4,20.7,23.7,25.8,,,,,,,,,,,,,,,,,,,,,,,,,,,,,,,,,,,,,,,,,17.2,18.8,16.4,17.5,17.6,16.6,17.8,16.2,17.5,17.8,18.9,16,18.2,17.8,18.9,17.5,17.1,16.8,18,16.5,16.7,17.6,18.5,17.1,17.5,18.9,16,18,18.1,18.7,16.5,61,57,59,65,58,63,57,68,58,57,55,65,59,56,59,59,57,59,59,63,75,59,55,60,59,58,62,67,65,55,76,0,0,0,0,0,0,0,0,0,0,0,0,0,0,0,0,0,0,0,0,0.1,0,0,0,0,0,0,0,0,0,0.1,23.2,31.4,30.4,20.5,28.6,22.9,22.2,21.6,20.5,25.9,22.6,26.9,24.5,30.5,24.1,26.9,24,18,27.4,23.7,26.7,23.2,27.1,27.3,24.6,24.1,22.4,28,22,30.2,24.3,25.6,36,37.4,25.2,34.6,24.5,25.2,23.4,22.7,29.2,26.6,31.3,27.4,36.7,27.7,31.3,25.2,22,31,25.9,28.8,27,30.6,32.4,27,25.9,25.2,29.2,23,34.9,27.7,,,,,,22.2204,114.2127
2025-12-25T21:00,12.9,13.3,13.4,14.6,14.3,13.7,14.3,14.5,13.6,14.4,14.4,14,13,13.5,14.9,13.2,13.6,13.1,12.1,15,12.8,14.1,15.2,13.6,14.1,13.1,12.7,15.1,13.6,13.3,14.8,13.9,15,15.3,13.7,13.2,14.1,14.3,14.6,13.1,65,52,61,41,47,53,57,56,67,52,52,52,58,52,43,58,46,57,64,50,50,44,50,58,52,51,60,44,52,65,49,54,44,45,58,52,58,49,50,56,0,0,0,0,0,0,0,0,0,0,0,0,0,0,0,0,0,0.1,0,0,0,0,0,0,0,0,0,0,0,0,0,0,0,0,0,0,0,0,0,0,22.8,23.4,31.5,26.7,20.5,23.9,21.3,29.1,23.6,19.5,21.1,25.2,21.1,23,24.8,23.2,18.4,20.8,19.1,22.2,31.1,20.7,20,15.1,22.1,20.7,26.6,22.1,23.1,21.1,21.1,22.7,22.2,23.8,22,30.7,20.9,19.9,22.5,24.6,,,,,,,,,,,,,,,,,,,,,,,,,,,,,,,,,,,,,,,,,17,18.5,16.2,17,17.5,16.5,17.5,15.9,17,17.3,18.9,16,17.9,17.4,18.5,17.5,16.6,16.6,17.8,16.2,16.4,17.4,18,17,17.5,18.6,15.9,17.6,17.8,18.1,16.4,61,57,58,70,58,64,62,70,59,59,55,65,60,56,59,59,58,60,59,64,74,60,55,60,60,57,62,70,66,55,75,0,0,0,0,0,0,0,0,0,0,0,0,0,0,0,0,0,0,0,0,0.1,0,0,0,0,0,0,0,0,0,0.1,21.5,28.7,28.8,26.2,27.3,21.7,26.8,20.6,20.3,24.2,21.1,24.6,23.9,28.7,24,25.1,23.8,16.7,25,22.7,26.2,22.8,25.1,25.3,23.2,24.8,21.1,30.7,22.1,27.8,24.2,23.8,32.8,35.3,30.2,32.8,23.4,32,23,22.7,27.7,24.8,28.4,26.6,33.8,27.4,29.2,25.6,22,28.8,24.8,28.1,26.3,28.1,29.9,27.4,26.6,23.4,31.3,23.8,32.4,26.6,,,,,,22.2204,114.2127
2025-12-25T22:00,12.7,13.1,13.1,14.3,14.2,13.3,14,14,13.5,14,13.9,13.9,12.9,13.3,14.4,13,13.4,12.6,11.9,14.5,12.7,13.9,14.7,13.5,13.6,12.9,12.5,14.7,13.1,13.1,14.5,13.7,14.5,14.9,13.5,12.9,13.8,13.9,14.3,12.9,66,52,60,41,47,54,58,55,67,52,55,51,58,51,44,58,45,59,64,50,49,43,50,59,52,53,57,44,52,65,49,53,44,48,56,51,59,49,51,55,0,0,0,0,0,0,0,0,0,0,0,0,0,0,0,0,0,0.1,0,0,0,0,0,0,0,0,0,0,0,0,0,0,0,0,0,0,0,0,0,0,21.8,22,30.1,25.1,19,22.2,19.3,29.4,23.5,18.3,20.7,23.7,19,21.7,23.9,22.4,17.5,18.8,17.7,21.2,29.7,19.5,18.7,14.3,20.6,18.7,26.6,22,22.7,19.5,20,21.6,22.1,22.4,21,29.8,19,18.7,21.5,23.4,,,,,,,,,,,,,,,,,,,,,,,,,,,,,,,,,,,,,,,,,16.9,18.1,16.2,16.5,17.3,16.5,17.2,15.7,16.5,17,18.8,15.9,17.6,17,18,17.5,16.1,16.7,17.6,16,16.1,17.2,17.5,16.8,17.4,18.3,16,17.2,17.5,17.5,16.2,61,56,56,75,58,64,69,72,60,61,54,64,61,56,58,58,59,62,58,64,72,60,54,60,63,57,63,72,67,55,73,0,0,0,0,0,0,0,0,0,0,0,0,0,0,0,0,0,0,0,0,0.1,0,0,0,0,0,0,0,0,0,0.1,19.7,25.6,27.2,34.1,26.4,20.6,36.3,20.2,21.4,22.9,19.5,21.9,22.2,27.1,24.4,23,23.6,18.1,22.4,21.3,24.3,22.5,23,23.5,24.4,25.3,19.7,32.5,21.8,25.5,23.3,21.6,29.2,32,37.1,29.9,23.4,41,23,23.4,26.3,24.1,24.8,25.2,30.2,27.7,26.6,25.9,22.3,25.9,23.8,25.6,25.6,25.2,27,29.5,27.7,21.2,33.5,24.5,29.5,24.5,,,,,,22.2204,114.2127
2025-12-25T23:00,12.5,13,12.9,13.9,14,12.8,13.6,13.6,13.5,13.6,13.4,13.8,12.8,13.1,13.9,12.9,13.1,12.2,11.8,14,12.5,13.6,14.3,13.4,13.2,12.7,12.3,14.4,12.5,13,14.2,13.5,14,14.4,13.3,12.7,13.6,13.5,14,12.7,66,52,59,42,47,55,58,54,66,52,58,50,59,50,45,58,43,63,64,50,49,43,48,60,51,54,54,43,53,65,49,51,45,50,53,49,61,49,53,54,0,0,0,0,0,0,0,0,0,0,0,0,0,0,0,0,0,0.1,0,0,0,0,0,0,0,0,0,0,0,0,0,0,0,0,0,0,0,0,0,0,21,20.5,28.8,23.1,17.6,20.2,17.4,29.7,23.3,17,20.7,21.7,16.5,20.8,23.2,21.4,16.2,16.8,16.1,20.5,28.6,18.2,17.4,13.4,18.7,16.5,26.6,21.9,22.1,17.9,18.7,20.4,22.3,20.6,19.8,28.6,16.6,17,19.8,21.8,,,,,,,,,,,,,,,,,,,,,,,,,,,,,,,,,,,,,,,,,16.8,17.9,16.1,16,17.1,16.4,16.9,15.5,16,16.7,18.6,15.8,17.4,16.5,17.5,17.5,15.8,16.5,17.5,15.8,15.9,17,17.1,16.5,17.2,17.9,16,16.9,17.1,17,16,61,56,54,79,58,65,75,74,60,63,55,64,62,56,59,58,60,64,58,64,70,61,54,60,65,58,63,74,68,55,72,0,0,0,0,0,0,0,0,0,0,0,0,0,0,0,0,0,0,0,0,0.1,0,0,0,0,0,0,0,0,0,0.1,18.9,23.4,25.4,39,25,20.6,44.6,20.7,21.9,22.7,18.8,19.9,21.3,25.3,24.9,21.4,23.1,21.4,20.6,20.3,23.3,22.7,21.4,22.1,27,26.5,18.8,33.6,21.7,23.5,23.7,20.5,26.3,28.8,41.4,27.4,23.4,47.2,23.4,23.8,25.6,23.8,22,23.8,27,28.1,24.8,26.3,23.8,23.8,22.3,24.5,24.8,23,24.8,31.7,29.5,19.8,34.9,24.8,27.4,24.1,,,,,,22.2204,114.2127
2025-12-26T00:00,12.4,13,12.8,13.6,13.9,12.4,13.4,13.2,13.5,13.2,12.9,13.9,12.8,13,13.3,12.8,12.9,11.8,11.7,13.5,12.4,13.4,13.9,13.3,12.8,12.7,12.2,14,12.1,12.9,13.8,13.2,13.5,14,13.2,12.6,13.5,13.2,13.8,12.5,66,51,57,43,47,56,58,53,66,52,61,48,59,49,46,58,42,66,64,51,49,42,47,62,51,56,51,42,54,65,50,49,45,53,51,48,62,50,54,54,0,0,0,0,0,0,0,0,0,0,0,0,0,0,0,0,0,0.1,0,0,0,0,0,0,0,0,0,0,0,0,0,0,0,0,0,0,0,0,0,0,19.7,18.7,27.3,20.9,16.1,18.2,15.3,30,23.2,15.4,20.5,19.4,14.5,19.5,22.2,20.5,15.3,14.4,14.5,19.5,27.3,16.7,16.2,12.6,17.1,14.4,26.6,22.2,21.6,16.2,17.8,19.2,22.1,19.2,18.4,27.4,14.7,15.8,18.6,20.2,,,,,,,,,,,,,,,,,,,,,,,,,,,,,,,,,,,,,,,,,16.6,17.6,15.9,15.8,17,16.3,16.4,15.4,15.9,16.5,18.5,15.7,17,16.3,17.2,17.3,15.6,16.1,17.3,15.6,15.9,16.9,17,16.4,17,17.5,15.9,16.6,16.9,16.7,15.7,61,57,53,80,57,66,77,76,59,64,57,64,62,56,62,58,59,66,58,63,71,61,54,59,68,64,62,75,68,56,74,0,0,0,0,0,0,0,0.2,0,0,0,0,0,0,0.1,0,0,0,0,0,0.1,0,0,0,0,0.1,0,0.1,0,0,0,19.4,22.4,22.9,38.1,22.9,21.4,45.9,22.4,21.3,22.8,19.9,18.5,20.5,23.1,25.9,21.4,22.1,25.6,19.9,19.3,24.6,22.4,20,20.6,29.8,28.8,18.3,32.8,21.4,22.4,26.5,21.6,25.6,25.6,40,24.5,23.8,47.5,25.2,22.7,25.9,24.8,20.2,22.7,24.1,28.8,24.5,25.6,26.6,22.7,21.2,26.3,24.5,21.6,23,33.8,32.4,19.1,34.2,24.8,26.3,27,,,,,,22.2204,114.2127
2025-12-26T01:00,12.3,12.9,12.7,13.3,13.7,12,13.1,12.8,13.6,12.8,12.5,13.9,12.8,12.9,12.9,12.8,12.6,11.4,11.6,13.1,12.3,13.2,13.6,13.2,12.5,12.6,12.1,13.7,11.7,12.9,13.5,13,13.1,13.6,13,12.4,13.3,12.8,13.5,12.4,67,51,56,44,48,57,59,52,65,53,64,47,60,48,47,58,42,69,64,51,49,42,47,63,52,57,48,41,56,65,50,48,45,56,49,47,63,51,56,54,0,0,0,0,0,0,0,0,0,0,0,0,0,0,0,0,0,0.1,0,0,0,0,0,0,0,0,0,0,0,0,0,0,0,0,0,0,0,0,0,0,18.5,17.3,25.9,19.3,14.7,16.2,13.6,29.6,22.8,14.2,20,17.8,12.5,18.2,21.3,19.7,14.1,12.5,13.3,18.9,26,15.5,15.1,11.9,15.2,12.4,26.6,22.1,21,14.9,16.5,18.1,22,17.8,17.3,26.3,12.7,14.6,17.4,18.6,,,,,,,,,,,,,,,,,,,,,,,,,,,,,,,,,,,,,,,,,16.6,17.5,15.7,15.8,16.8,16.2,15.8,15.4,15.7,16.2,18.3,15.6,16.5,16.1,17,17,15.6,15.6,17.1,15.4,15.9,16.7,16.9,16.1,16.5,17.1,15.6,16.4,16.8,16.5,15.3,61,58,53,78,56,67,78,79,58,65,60,63,63,55,66,59,58,69,58,62,74,61,55,58,71,71,61,75,67,57,77,0,0,0,0,0,0,0,0.2,0,0,0,0,0,0,0.1,0,0,0,0,0,0.1,0,0,0,0,0.1,0,0.1,0,0,0,20.9,22.1,20.2,34.3,20.4,22.4,43.7,24.6,19.8,23.5,22,17.9,19.7,20.3,27.4,22,20.8,30.8,19.9,18.2,26.7,21.9,19,19.5,32.5,32.2,17.8,30.7,21,22.3,30.4,23.4,25.6,22.3,35.3,21.6,24.5,45,27.4,21.6,26.6,27,19.1,21.6,21.6,29.9,24.5,24.8,30.6,22,20.2,28.8,24.5,20.5,21.6,36.4,36,19.1,32.4,24.5,25.6,31,,,,,,22.2204,114.2127
2025-12-26T02:00,12.1,12.8,12.5,13.1,13.6,11.8,12.9,12.6,13.6,12.6,12.2,13.8,12.8,12.8,12.5,12.7,12.5,11.2,11.5,12.8,12.2,13,13.3,13.2,12.2,12.6,12,13.4,11.4,12.9,13.2,12.9,12.7,13.3,12.9,12.3,13.2,12.5,13.4,12.3,68,51,56,45,48,58,59,51,65,54,66,47,60,48,49,58,42,71,64,52,49,43,47,64,52,59,47,41,57,65,51,48,46,58,48,47,64,52,57,54,0,0,0,0,0,0,0,0,0,0,0,0,0,0,0,0,0,0.1,0,0,0,0,0,0,0,0,0,0,0,0,0,0,0,0,0,0,0,0,0,0,17.7,16.2,24.6,17.8,13.6,15,12.4,28.8,22,13.4,19.5,16.3,10.9,16.9,20.5,18.9,13.3,11.3,12.1,18.1,24.8,14.4,14.3,11.5,14.1,11.3,25.9,21.7,20.3,13.7,15.7,17,21.6,16.9,16.2,24.8,11.2,13.8,16.2,17.5,,,,,,,,,,,,,,,,,,,,,,,,,,,,,,,,,,,,,,,,,16.5,17.1,15.4,15.6,16.5,16.1,15.2,15.3,15.6,16,18,15.4,16.2,15.9,16.6,16.7,15.4,15.1,17,15.2,15.9,16.5,16.8,15.9,16.2,16.7,15.4,16.2,16.5,16.3,14.9,62,59,53,77,55,67,78,80,57,65,62,63,63,55,69,60,58,70,58,61,75,61,55,57,73,77,60,75,67,58,80,0,0,0,0,0,0,0,0.2,0,0,0,0,0,0,0.1,0,0,0,0,0,0.1,0,0,0,0,0.1,0,0.1,0,0,0,22.2,22.5,18.2,30.6,18.5,22.9,41.7,25.7,18.7,23.7,24.2,17.2,19.2,18.7,28.7,22.8,20.5,34.5,20.2,17.6,28,21.3,18.4,18.5,34.5,35.3,17.8,29.3,21.2,22.4,33.4,25.2,25.9,20.2,31.3,19.8,24.8,42.8,28.4,20.5,27.7,28.4,18.7,21.2,19.8,31,24.8,24.1,33.5,21.6,19.1,30.6,23.8,19.8,20.5,38.2,38.9,19.1,31,24.8,25.6,34.2,,,,,,22.2204,114.2127
2025-12-26T03:00,11.9,12.7,12.4,12.8,13.4,11.6,12.8,12.4,13.5,12.4,12,13.7,12.8,12.7,12.3,12.5,12.3,11,11.5,12.5,12.1,12.9,13.2,13.1,12,12.7,11.9,13.1,11.2,12.8,13,12.7,12.5,13.1,12.7,12.1,13.1,12.3,13.2,12.1,69,51,56,46,49,59,60,51,65,55,67,47,60,49,51,58,43,72,64,53,50,44,48,65,53,61,47,42,59,65,52,49,47,60,48,48,65,53,58,55,0.1,0,0,0,0,0,0,0,0,0,0.1,0,0,0,0,0,0,0.1,0,0,0,0,0,0,0,0,0,0,0,0,0,0,0,0,0,0,0,0,0,0,17,15.5,23.1,16.7,12.9,14.2,11.6,27,21,12.7,18.8,15.2,9.8,15.8,19.4,18.2,12.6,10.5,11.7,17.4,23.4,13.7,13.5,11.2,13.3,10.5,24.5,21,19.1,12.9,15,16,20.5,16.4,15.4,23.4,10.4,13,15.1,16.8,,,,,,,,,,,,,,,,,,,,,,,,,,,,,,,,,,,,,,,,,16.3,16.8,15.3,15.5,16.3,16,14.9,15.2,15.5,15.9,17.8,15.4,16,15.8,16.4,16.3,15.4,14.9,16.7,15.1,15.9,16.4,16.5,15.6,16,16.4,15.2,16.1,16.4,16.1,14.8,63,59,53,76,54,67,78,80,57,65,63,63,64,56,70,61,59,70,59,60,74,61,55,56,75,79,60,74,69,60,81,0,0,0,0,0,0,0,0.1,0,0,0,0,0,0,0,0,0,0,0,0,0,0,0,0,0,0,0,0,0,0,0.1,22.8,22.7,17.9,28.6,18.1,23,41.2,24.8,18.3,23.7,25.1,17.4,19.4,18.5,30.2,22.9,20.9,36.1,20.4,17.1,27.4,19.9,18.2,18.4,35.7,36.9,18.1,28.7,22.7,23.5,33.5,26.3,26.3,19.4,28.8,19.1,24.5,42.5,27.7,20.5,28.4,29.2,18.4,21.2,19.4,32,24.8,24.1,34.6,21.6,18,29.9,22.3,19.4,20.2,39.2,40.3,19.4,30.6,26.6,26.3,34.6,,,,,,22.2204,114.2127
2025-12-26T04:00,11.7,12.6,12.2,12.6,13.2,11.5,12.7,12.2,13.5,12.2,11.8,13.5,12.8,12.6,12.2,12.3,12.2,11,11.4,12.3,11.9,12.7,13.1,13.1,11.9,12.7,11.7,12.7,11.2,12.8,12.9,12.6,12.2,12.9,12.5,12,13,12.1,13.1,12,71,51,58,47,49,60,60,51,66,57,68,48,61,51,53,58,45,73,65,55,52,46,50,66,55,63,49,43,61,66,53,51,49,61,49,50,65,55,59,56,0.1,0,0,0,0,0,0,0,0,0,0.1,0,0,0,0,0,0,0.1,0,0,0,0,0,0,0,0,0,0,0,0,0,0,0,0,0,0,0,0,0,0,16.3,14.8,21.6,15.9,12.1,13.5,10.9,24.4,19.3,12.4,17.3,14.5,9.1,15,18,17.1,11.7,10.6,11.4,16.6,21.7,13,12.5,10.4,12.5,10.5,22.8,19.6,17.7,12.6,14.4,14.9,19.2,16.1,14.6,21.6,9.8,12.7,14.1,16,,,,,,,,,,,,,,,,,,,,,,,,,,,,,,,,,,,,,,,,,16.1,16.3,15.1,15.3,16,15.8,14.7,15.1,15.4,15.8,17.4,15.2,16,15.5,16.1,15.9,15.2,14.7,16.4,15,15.9,16.1,16.2,15.5,15.9,16,15.1,16,16.2,16,14.6,65,60,53,74,53,66,77,79,59,64,64,62,65,57,71,62,61,69,60,59,72,61,54,54,76,79,61,74,71,63,80,0,0,0,0,0,0,0,0.1,0,0,0,0,0,0,0,0,0,0,0,0,0,0,0,0,0,0,0,0,0,0,0.1,23.6,23.1,18.4,26.5,17.7,22.8,41.1,23.1,18.6,23.4,25.5,17.9,19.9,19,31.2,22.7,21.4,36.4,20.9,16.3,26,18.6,18.4,18.7,36.3,37.4,18.8,28.5,25,24.7,32.6,27,26.6,19.4,26.3,19.4,24.1,42.8,25.6,20.9,29.2,29.5,18.7,22,19.8,33.1,24.5,24.8,34.6,22.3,17.3,28.1,20.5,19.8,20.5,39.6,40.7,20.2,30.2,29.2,28.1,33.5,,,,,,22.2204,114.2127
2025-12-26T05:00,11.5,12.4,12.1,12.4,13,11.4,12.6,12.1,13.4,12.1,11.8,13.3,12.9,12.5,12.1,12.1,12.1,11,11.3,12.2,11.8,12.5,13,13,11.7,12.8,11.6,12.4,11.2,12.8,12.7,12.5,12.1,12.8,12.3,11.9,12.9,12,13.1,11.9,74,51,59,48,51,61,61,51,66,58,68,49,61,53,56,59,47,74,66,57,54,48,52,68,56,66,51,44,63,67,55,54,50,63,50,52,65,57,59,58,0.1,0,0,0,0,0,0,0,0,0,0.1,0,0,0,0,0,0,0.1,0,0,0,0,0,0,0,0,0,0,0,0,0,0,0,0,0,0,0,0,0,0,15.5,14.5,19.8,14.8,11.4,13.1,10.1,21.5,17.7,11.7,16.3,13.8,8.5,13.9,16.7,16.5,11.1,10.6,11.4,15.9,19.6,12.4,11.9,10.1,11.7,10.6,20.6,18.2,16.3,12.2,13.8,14,17.6,15.7,13.9,19.9,9.4,12,13,15.7,,,,,,,,,,,,,,,,,,,,,,,,,,,,,,,,,,,,,,,,,15.9,15.9,15,15.1,15.8,15.6,14.5,14.9,15.4,15.6,17,15.1,15.9,15.3,15.9,15.5,15.1,14.5,16,14.9,15.7,15.9,16,15.3,15.7,15.6,15,15.9,16,15.9,14.6,67,60,53,72,53,65,77,78,60,65,65,62,66,58,71,63,63,68,61,59,70,61,54,54,77,78,62,73,73,65,80,0,0,0,0,0,0,0,0.1,0,0,0,0,0,0,0,0,0,0,0,0,0,0,0,0,0,0,0,0,0,0,0.1,24,23.3,19.2,24.7,18,22.5,40.3,21.9,19.4,24.2,25.7,18.4,20.6,19.5,31.2,23.1,21.9,36.5,21.4,16.4,24.4,17.3,18.4,19.4,35.8,37.8,19.7,28.6,26.3,26,32.3,27.7,26.6,20.2,24.1,20.2,23.8,42.5,24.1,21.6,31,29.5,19.8,22.3,20.2,33.1,25.2,24.8,34.9,22.7,16.9,26.3,19.1,19.8,21.6,39.2,41,21.2,30.6,30.6,29.2,33.5,,,,,,22.2204,114.2127
2025-12-26T06:00,11.4,12.3,12,12.3,12.9,11.4,12.6,12.1,13.4,12.1,11.8,13.2,13,12.5,12.1,12,12,11,11.3,12.1,11.7,12.4,13.1,13,11.7,13,11.5,12.1,11.3,12.8,12.7,12.5,12,12.7,12.2,11.8,12.9,11.9,13,11.8,75,51,60,49,52,62,61,51,67,60,68,51,62,55,59,59,50,74,66,58,55,51,54,69,58,68,53,45,65,68,56,57,52,64,51,55,65,59,60,60,0.1,0,0,0,0,0,0,0,0,0,0.1,0,0,0,0,0,0,0.1,0,0,0,0,0,0,0,0,0,0,0,0,0,0,0,0,0,0,0,0,0,0,14.8,14.1,18.4,14.5,11,12.8,9.8,18.7,16.1,11.4,14.9,13.5,8.1,12.8,15.5,15.7,10.7,10.7,11.4,15.2,18.1,11.8,11.4,9.8,11.3,11,18.9,16.8,14.9,12,13.2,13.4,16.3,15.7,13.5,18.2,9.6,11.7,11.9,15,,,,,,,,,,,,,,,,,,,,,,,,,,,,,,,,,,,,,,,,,15.9,15.8,14.9,15.1,15.6,15.4,14.4,14.6,15.2,15.6,16.9,15.1,15.9,15.2,15.9,15.4,15.1,14.4,15.9,14.9,15.6,15.8,15.9,15.1,15.6,15.4,14.9,15.9,16,15.9,14.6,68,60,53,70,55,64,77,77,62,68,65,62,66,59,70,65,63,68,61,59,67,61,54,55,77,78,64,73,73,67,81,0,0,0,0,0,0,0,0,0,0,0,0,0,0,0,0,0,0,0,0,0,0,0,0,0.1,0,0,0,0,0.1,0.1,24.7,22.8,20.1,22.1,19,22.3,38.8,21.4,20.9,28.1,26,19.6,20.9,19.4,29.3,24.3,21.9,36.5,21.9,17.2,22.8,16.9,18.2,20.3,33.7,38.4,20.8,29,25.9,26.4,33.6,28.1,25.6,21.2,21.6,21.6,23.8,41,23,23,34.9,29.9,22.3,22.7,20.5,31,27,24.5,35.6,23.4,17.6,24.1,18.4,19.8,24.1,37.4,41.8,22.7,31.3,30.2,29.9,35.3,,,,,,22.2204,114.2127
2025-12-26T07:00,11.3,12.3,12,12.2,12.7,11.4,12.6,12.1,13.4,12.2,11.9,13.1,13.2,12.5,12.2,11.9,12.1,11.1,11.4,12.2,11.7,12.4,13.1,13.1,11.8,13.2,11.4,12,11.5,12.9,12.6,12.5,12,12.6,12.1,11.8,12.9,11.9,13.1,11.8,77,51,61,50,52,62,62,52,67,61,68,52,62,57,61,59,52,73,67,59,57,53,56,70,59,69,55,46,67,68,58,60,53,65,53,57,65,61,60,61,0.1,0,0,0,0,0,0,0,0,0,0.1,0,0,0,0,0,0,0.1,0,0,0,0,0,0,0,0,0,0,0,0,0,0,0,0,0,0,0,0,0,0,14.5,14.1,17,13.8,10.7,12.5,9.8,16.2,14.8,11.2,13.5,13.3,8,12.1,14.2,15.1,10.5,10.7,11.4,14.5,16.9,11.6,11,9.9,11.3,11.1,17.1,15.8,13.6,12,12.8,12.8,15,15.8,12.7,16.7,9.6,11.7,10.8,14.8,,,,,,,,,,,,,,,,,,,,,,,,,,,,,,,,,,,,,,,,,15.9,15.6,14.9,15.1,15.6,15.3,14.4,14.4,15.1,15.6,16.8,15.1,15.8,15.2,15.9,15.6,15.1,14.2,15.8,14.9,15.4,15.6,15.9,15,15.6,15.1,14.9,15.9,16.1,15.8,14.6,70,61,53,69,58,63,76,76,64,72,65,63,66,60,69,67,63,69,61,60,63,61,55,56,76,77,65,74,73,68,82,0,0,0,0,0,0,0,0,0,0,0,0,0,0,0,0,0,0,0,0,0,0,0,0,0.1,0,0,0,0,0.1,0.1,24.8,22,21.4,19.8,20.6,22,37.1,21,22.4,33.6,25.9,21.4,21.2,19.4,26.1,26,21.1,36.5,22.4,18.3,21.2,17.2,18.2,21.9,31.2,38.7,22.3,30,24.9,26.7,35.3,28.4,24.1,22.7,18.7,23.4,23.8,38.5,22.7,24.5,40.3,30.2,25.6,23,21.2,27.7,29.9,23.8,36.4,24.1,19.1,22,17.6,19.4,27,34.9,42.1,24.5,32,28.8,30.2,37.4,,,,,,22.2204,114.2127
2025-12-26T08:00,11.3,12.3,12.1,12.3,12.7,11.5,12.8,12.2,13.6,12.3,12,13.2,13.3,12.5,12.3,12,12.2,11.3,11.5,12.4,11.7,12.5,13.3,13.2,12,13.4,11.4,12,11.7,13.1,12.6,12.6,12,12.6,12,11.9,13,12,13.2,11.9,77,51,62,50,53,63,62,52,67,62,68,52,62,58,62,59,53,73,67,60,58,54,57,70,60,70,56,47,68,68,59,61,54,65,54,58,65,62,60,62,0.1,0,0,0,0,0,0,0,0,0,0.1,0,0,0,0,0,0,0.1,0,0,0,0,0,0,0,0,0,0,0,0,0,0,0,0,0,0,0,0,0,0,13.8,13.9,16,13.5,10.4,12.1,9.5,14.8,14,10.8,12.8,13,8.1,11.4,13.6,14.5,10.3,10.7,11.1,14.2,16,11.4,10.5,9.7,10.9,11.2,15.8,15.1,12.9,12.1,12.2,12.6,14,15.8,12.4,15.7,9.6,11.8,10.5,14.4,,,,,,,,,,,,,,,,,,,,,,,,,,,,,,,,,,,,,,,,,15.8,15.6,14.9,15.1,15.6,15.2,14.4,14.1,15.1,15.4,16.8,15.1,15.8,15.2,16,15.6,15.1,14.1,15.8,14.9,15.2,15.4,15.9,14.9,15.6,14.9,14.9,15.9,16.1,15.8,14.6,70,61,53,68,60,63,76,75,65,74,65,64,66,61,67,68,63,69,61,61,60,61,55,58,74,76,67,74,73,69,82,0,0,0,0,0,0,0,0,0,0,0,0,0,0,0,0,0,0,0,0,0,0,0,0,0.1,0,0,0,0,0.1,0.1,25,21.4,22.2,17.9,21.9,21.9,35.1,21,23.4,38.2,25.7,23,21.7,19.9,23.5,27.5,20.9,36.3,22.7,19.4,19.9,17.4,18.3,23.3,29,38.5,23.5,30.8,24.1,26.8,37.1,28.1,23,23.4,16.9,24.5,24.1,36.4,22.7,25.6,43.9,29.9,28.1,23.4,22,24.8,31.7,23,36.7,24.5,20.5,20.2,17.6,19.4,29.2,32,41.8,25.9,32.8,27.7,30.6,40,,,,,,22.2204,114.2127
2025-12-26T09:00,11.5,12.4,12.4,12.6,12.8,11.7,13.1,12.4,13.9,12.7,12.3,13.4,13.5,12.6,12.5,12.4,12.4,11.5,11.7,12.8,11.8,12.7,13.5,13.4,12.5,13.7,11.4,12.2,12,13.5,12.7,12.8,12.2,12.7,12.1,12.1,13.2,12.2,13.4,12.2,76,51,62,50,53,64,62,52,66,62,67,52,62,59,62,58,54,72,67,60,58,55,57,70,60,70,57,47,68,67,60,61,54,64,55,58,64,62,59,62,0,0,0,0,0,0,0,0,0,0,0,0,0,0,0,0,0,0,0,0,0,0,0,0,0,0,0,0,0,0,0,0,0,0,0,0,0,0,0,0,13.1,14.1,15.4,13.2,10,11.8,9.5,15,13.4,10.5,12.5,13.2,8.4,11,13.2,14.2,10.3,10.7,10.7,13.8,15.6,11.5,10.3,9.9,10.9,10.9,15,15.3,12.9,12.2,11.8,12.6,13.7,16.2,12,15,9.8,12.2,10.5,14.1,,,,,,,,,,,,,,,,,,,,,,,,,,,,,,,,,,,,,,,,,15.8,15.8,15.1,14.9,15.6,15.4,14.4,14.1,15.1,15.1,16.8,15.4,15.8,15.4,16.1,15.8,15.3,14.1,15.9,15.1,15.1,15.5,15.9,15.1,15.7,14.9,15.1,15.9,16.1,15.6,14.4,69,61,53,68,61,63,75,75,65,74,65,65,66,62,65,69,63,69,61,63,58,62,56,61,72,74,68,74,73,69,81,0,0,0,0.1,0,0,0,0,0,0,0,0,0,0,0,0,0,0,0,0,0,0,0,0,0,0,0,0,0,0,0,24.4,21.4,21.8,17.4,21.7,22.5,33.5,21.1,23.4,40.3,24.9,23.9,22.2,21,21.8,28.4,20.9,35.9,22.7,19.7,19.2,17.7,18.8,24.7,26.7,37.3,24.7,30.8,24,26.8,39.1,27.4,23,22.7,16.6,23.8,24.8,34.6,23.8,25.6,45,28.1,28.8,24.1,23,22.7,32.4,22.3,36.7,24.5,21.2,19.4,18,19.8,29.5,28.8,40,27,32.8,27.4,30.2,42.5,,,,,,22.2204,114.2127
2025-12-26T10:00,11.8,12.5,12.8,13.1,13,12.1,13.5,12.7,14.4,13.2,12.7,13.8,13.8,12.7,12.8,12.9,12.9,11.8,12,13.5,12.1,13.1,13.9,13.8,13.2,14.1,11.5,12.5,12.4,14,12.9,13.1,12.6,12.9,12.2,12.4,13.5,12.5,13.7,12.7,73,51,61,50,53,64,61,53,64,62,67,51,61,59,61,57,54,71,67,59,58,55,57,69,59,68,57,47,66,65,60,60,53,63,56,58,63,61,58,62,0,0,0,0,0,0,0,0,0,0,0,0,0,0,0,0,0,0,0,0,0,0,0,0,0,0,0,0,0,0,0,0,0,0,0,0,0,0,0,0,12.8,14.4,15,13.3,9.8,11.5,9.7,15.9,13.4,10.4,12.2,13.8,9.2,10.7,13.1,14.2,10.3,10.2,10.5,14,15.8,11.5,10.7,10,11.3,10.7,15,15.3,12.9,12.5,11.3,13.4,14,16.6,11.7,14.7,10.4,13.5,10.9,13.7,,,,,,,,,,,,,,,,,,,,,,,,,,,,,,,,,,,,,,,,,15.8,15.9,15.4,14.9,15.6,15.6,14.4,14.1,15.1,14.6,16.8,15.8,15.8,15.7,16.3,15.9,15.5,14.1,15.9,15.3,15.1,15.7,16.1,15.3,15.8,14.8,15.2,15.9,16.1,15.5,14.2,68,61,53,68,61,64,75,76,65,72,64,66,66,62,62,69,63,70,61,65,58,62,57,64,69,72,68,73,72,69,80,0,0,0,0.1,0,0,0,0,0,0,0,0,0,0,0,0,0,0,0,0,0,0,0,0,0,0,0,0,0,0,0,23.6,21.4,20.7,17.3,20.9,23.3,31.7,22.5,22.7,41.5,23.6,24.8,22.9,22,20.5,29,20.9,35.6,22.1,20.4,18.9,17.7,19.3,25.9,24.1,35.3,25.9,30.6,23.9,27,40.9,26.3,23.4,21.6,16.6,22,25.6,32.4,25.6,24.5,44.6,25.9,28.4,24.8,24.1,20.5,32.8,21.6,36.4,24.1,22,19.4,18.4,20.5,29.2,25.6,37.4,28.1,32.4,27.4,29.9,44.6,,,,,,22.2204,114.2127
2025-12-26T11:00,12.2,12.8,13.3,13.7,13.3,12.5,14.1,13.1,14.9,13.7,13.2,14.3,14.2,12.9,13.2,13.5,13.4,12.2,12.4,14.4,12.3,13.5,14.4,14.2,14,14.5,11.6,13,12.8,14.6,13.2,13.4,13,13.1,12.4,12.8,13.9,13,14,13.2,70,51,60,50,53,64,60,53,63,61,65,50,60,59,60,56,54,69,67,57,57,54,57,68,58,66,57,46,65,63,61,59,52,61,57,58,62,60,57,61,0,0,0,0,0,0,0,0,0,0,0,0,0,0,0,0,0,0,0,0,0,0,0,0,0,0,0,0,0,0,0,0,0,0,0,0,0,0,0,0,12.1,15,14.9,13.4,9.7,11.2,10,17.3,13.4,10,11.9,14.5,10.3,10.4,13,14.3,10.1,10.2,9.8,14.1,16.4,11.8,10.6,10.6,11.7,10.2,14.8,16.1,13.6,13.3,10.6,14.2,14.2,17.1,11.3,14.6,11.4,14.7,11.8,13.4,,,,,,,,,,,,,,,,,,,,,,,,,,,,,,,,,,,,,,,,,15.9,16.1,15.7,14.9,15.7,15.9,14.5,14.2,15.2,14.4,16.9,16,15.9,15.9,16.5,15.9,15.7,14,16.1,15.6,15.1,15.9,16.3,15.5,15.8,14.8,15.3,15.8,16.1,15.4,14.1,67,61,53,68,60,65,73,76,64,71,64,67,67,63,59,69,62,70,60,66,57,63,57,66,66,70,69,73,72,68,79,0,0,0,0.1,0,0,0,0,0,0,0,0,0,0,0,0,0,0,0,0,0,0,0,0,0,0,0,0,0,0,0,22.9,21.2,19.9,17.4,19.6,23.9,29.8,24.6,21.7,41.2,22.5,25,23.2,22.9,19.6,29,20.5,34.7,21.6,20.4,18.5,17.9,19.6,26.3,22.7,33,26.7,30.2,24.2,26.6,41.6,25.2,23.4,20.5,16.9,20.5,25.9,30.2,27.4,23.4,43.2,23.8,27.7,25.2,24.5,19.1,32.4,20.5,35.6,23.4,22.3,19.1,18.7,20.5,28.1,23.4,34.9,28.4,32,27.4,29.2,45.7,,,,,,22.2204,114.2127
2025-12-26T12:00,12.6,13,13.8,14.3,13.6,12.9,14.6,13.5,15.5,14.3,13.6,14.8,14.5,13.1,13.7,14.1,13.8,12.5,12.8,15.2,12.6,14,14.8,14.6,14.8,14.9,11.7,13.5,13.2,15.2,13.4,13.8,13.5,13.4,12.6,13.2,14.3,13.4,14.4,13.7,67,52,59,49,52,65,60,54,61,61,64,49,59,59,59,55,53,67,66,56,56,54,57,67,56,64,56,46,63,61,61,57,50,59,58,57,61,59,56,60,0,0,0,0,0,0,0,0,0,0,0,0,0,0,0,0,0,0,0,0,0,0,0,0,0,0,0,0,0,0,0,0,0,0,0,0,0,0,0,0,11.8,15.8,14.7,13.7,9.8,10.8,10.6,19.1,13.4,9.9,11.9,15.3,11.2,10,12.9,14.3,10.3,9.8,9.6,14.3,16.6,11.8,10.8,11.2,11.8,10,15.2,16.5,14.1,13.8,10.2,14.8,14.6,17.6,10.9,14.4,12.4,15.6,12.6,13.4,,,,,,,,,,,,,,,,,,,,,,,,,,,,,,,,,,,,,,,,,15.9,16.4,15.9,15.1,15.9,16.1,14.9,14.5,15.6,14.5,17,16.2,16,16.2,16.5,16,15.9,14.1,16.5,16,15.3,16.2,16.5,15.6,15.7,14.9,15.4,15.7,16.2,15.6,14.1,66,62,54,67,59,65,70,76,63,70,63,67,68,64,57,70,61,70,59,67,56,64,56,66,64,69,70,73,72,67,78,0,0,0,0,0,0,0,0,0,0,0,0,0,0,0,0,0,0,0,0,0,0,0,0,0,0,0,0,0,0,0,22.7,20.4,19.7,17.1,18.6,23.4,27.1,26.8,20.1,38.9,21.8,24.3,23.1,23.1,19.1,28.3,19.3,33.3,20.4,20.1,17.6,17.6,18.9,25.2,22.8,30.8,26.8,29.6,24.5,25.9,40.7,24.1,22,20.5,16.6,19.1,24.8,27.4,29.2,21.6,40.3,22.3,26.6,25.2,24.1,18.4,31.7,19.1,34.2,22,21.6,18,18.7,19.4,25.9,23.4,32,28.1,31.3,27.4,28.1,44.6,,,,,,22.2204,114.2127
2025-12-26T13:00,12.9,13.2,14.3,14.8,13.8,13.3,15,13.8,15.9,14.8,14,15.2,14.7,13.2,14,14.6,14.2,12.8,13.2,15.9,12.8,14.4,15.1,14.9,15.5,15.2,11.9,14,13.6,15.6,13.7,14,13.9,13.6,12.8,13.6,14.6,13.8,14.7,14.2,65,52,58,49,52,65,59,54,59,60,63,49,58,59,57,54,53,66,66,54,55,54,57,66,55,62,56,46,62,59,62,56,49,57,59,56,60,58,54,59,0,0,0,0,0,0,0,0,0,0,0,0,0,0,0,0,0,0,0,0,0,0,0,0,0,0,0,0,0,0,0,0,0,0,0,0,0,0,0,0,11.2,16.1,14.5,13.9,9.5,10.6,10.9,20.3,13.5,9.5,12,15.9,12.3,10,13.1,14.5,10.3,9.4,9.2,14.6,16.9,12.2,11,11.1,12.2,9.5,15,17,14.5,13.9,10,15.5,14.8,17.9,10.6,14.4,13,16.4,13.1,13,,,,,,,,,,,,,,,,,,,,,,,,,,,,,,,,,,,,,,,,,16.1,16.6,16,15.4,16.2,16.4,15.2,14.9,15.9,14.8,17,16.3,16.2,16.5,16.6,16,16.1,14.1,16.8,16.5,15.7,16.7,16.8,15.8,15.6,15.1,15.4,15.5,16.4,15.8,14.2,66,63,56,65,57,65,66,75,63,69,63,67,69,64,54,70,60,70,58,67,55,64,54,64,63,68,70,73,71,67,76,0,0,0,0,0,0,0,0,0,0,0,0,0,0,0,0,0,0,0,0,0,0,0,0,0,0,0,0,0,0,0,22.9,19.2,19.9,17,17.7,22.4,24.1,28.7,18.7,35.4,21.1,23.2,22.9,22.3,19.2,27.5,17.2,31.3,18.9,19.6,16.6,17.4,17.6,23.2,23.9,28.6,26.4,28.9,25.1,25.2,38.7,23.4,20.2,20.9,16.6,18,23,24.1,31.3,19.4,36.7,21.6,24.8,24.8,23,17.6,30.6,17.3,32.4,20.5,20.5,16.9,18.4,18,23.4,24.8,28.8,27.4,31,27.4,26.6,42.1,,,,,,22.2204,114.2127
2025-12-26T14:00,13.2,13.4,14.5,15.1,14,13.5,15.3,14,16.2,15.2,14.3,15.5,14.8,13.3,14.2,14.9,14.4,13,13.4,16.3,12.9,14.6,15.3,15.1,15.9,15.4,12.1,14.3,13.8,15.9,13.8,14.2,14.2,13.7,13,13.8,14.8,14,14.9,14.5,63,53,58,49,53,65,59,55,59,60,63,49,58,59,57,54,53,65,66,54,55,54,57,66,55,61,56,46,61,58,62,55,49,56,60,56,60,58,54,59,0,0,0,0,0,0,0,0,0,0,0,0,0,0,0,0,0,0,0,0,0,0,0,0,0,0,0,0,0,0,0,0,0,0,0,0,0,0,0,0,10.8,16,14.3,13.7,9.4,10.2,11.1,20.6,13.2,9.2,11.6,15.8,12.5,9.8,12.8,14.1,10.2,9,8.9,14.4,16.8,11.8,11.2,11.3,12,9.2,14.6,16.8,14.5,14,9.7,15.5,14.5,17.6,10.3,14,13,16.5,13.2,12.7,,,,,,,,,,,,,,,,,,,,,,,,,,,,,,,,,,,,,,,,,16.2,16.9,16.2,15.6,16.5,16.6,15.6,15.1,16.1,15.1,17.1,16.5,16.4,16.8,16.7,16,16.3,14.2,17,16.8,15.9,17,16.9,15.9,15.6,15.2,15.4,15.4,16.5,15.9,14.3,65,63,58,65,56,66,63,75,62,69,62,66,70,65,53,71,59,70,57,67,55,65,53,63,62,68,71,73,71,66,75,0,0,0,0,0,0,0,0,0,0,0,0,0,0,0,0,0,0,0,0,0,0,0,0,0,0,0,0,0,0,0,22.5,18.2,20.3,17.6,16.8,21.8,22,29.8,17.4,32.5,20.5,21.6,23.3,21.9,19.1,27.2,15.9,29.5,17.8,19.2,15.7,17.1,16.4,22.1,25,26.8,26.2,28.6,25.5,24.5,36.2,22.3,18.4,21.2,16.6,16.9,22,22,32.4,17.6,33.5,20.9,23,24.8,22.3,17.6,29.9,15.8,30.6,19.1,19.8,15.8,17.6,16.6,21.6,26.3,26.6,27,30.6,27.7,25.6,39.2,,,,,,22.2204,114.2127
2025-12-26T15:00,13.3,13.5,14.6,15.2,14.1,13.7,15.4,14.1,16.3,15.4,14.4,15.5,14.7,13.3,14.3,14.8,14.4,13.1,13.5,16.5,12.9,14.7,15.3,15.1,16.1,15.4,12.3,14.5,13.8,15.9,13.9,14.1,14.3,13.7,13.1,14,14.8,14.1,15,14.6,62,54,58,49,54,65,59,56,60,60,63,50,58,59,57,55,53,65,66,54,55,55,58,66,56,61,56,47,61,58,62,55,49,56,61,56,60,58,54,59,0,0,0,0,0,0,0,0,0,0,0,0,0,0,0,0,0,0,0,0,0,0,0,0,0,0,0,0,0,0,0,0,0,0,0,0,0,0,0,0,10.1,15.4,13.8,13,9.3,9.9,10.8,19.6,12.8,8.9,11.3,15.2,12.3,9.6,12.2,13.4,9.8,8.7,8.6,14.2,16.1,11.3,11,10.8,11.4,8.9,13.8,15.9,14.1,13.9,9.4,15.2,13.8,16.8,9.7,13.6,12.7,15.8,12.6,12.4,,,,,,,,,,,,,,,,,,,,,,,,,,,,,,,,,,,,,,,,,16.4,17.1,16.5,15.5,16.6,16.6,15.6,15.1,16.2,15.2,17.2,16.7,16.5,16.9,16.8,16.4,16.5,14.4,17.4,17.1,16.1,17.4,17,15.9,15.7,15.4,15.3,15.4,16.6,16.1,14.4,64,63,59,67,57,67,63,75,62,69,61,64,71,67,53,71,59,70,56,67,56,65,52,64,62,68,72,72,71,65,73,0,0,0,0,0,0,0,0,0,0,0,0,0,0,0,0,0,0,0,0,0,0,0,0,0,0,0,0,0,0,0,21.5,16.9,20.3,18.9,15.6,22.2,21.8,29.4,16,30.9,20.5,19.5,23.9,21.3,19,27.3,15.2,28,17.1,19.2,15.1,16.1,15,22.6,26.1,26.4,26.4,29.2,26,23.9,33.6,21.2,16.9,21.2,17.3,16.2,22.3,22,31.7,16.6,31.7,20.9,20.9,25.2,22,17.6,29.9,15.5,29.5,18.4,20.2,15.5,16.2,15.5,21.6,27.7,26.3,27,31,28.1,24.8,36,,,,,,22.2204,114.2127
2025-12-26T16:00,13.4,13.6,14.6,15.2,14.1,13.8,15.4,14,16.2,15.4,14.4,15.4,14.5,13.3,14.3,14.6,14.2,13.1,13.5,16.5,12.8,14.7,15.2,15,16,15.3,12.6,14.6,13.7,15.7,14,14,14.5,13.7,13.1,14,14.7,14.1,15,14.5,62,57,59,50,56,65,60,57,61,61,64,52,59,59,58,56,53,65,66,55,56,56,59,66,57,61,56,48,62,59,62,56,50,57,61,57,61,59,55,60,0,0,0,0,0,0,0,0,0,0,0,0,0,0,0,0,0,0,0,0,0,0,0,0,0,0,0,0,0,0,0,0,0,0,0,0,0,0,0,0,9.9,14.5,13.2,12.6,9,9.7,10.5,18,12.4,8.4,10.6,13.8,11.5,9.6,11.6,12.8,9.4,8.1,8.6,13.9,15.1,10.8,10.7,10.3,10.5,8.8,12.6,14.7,13,12.9,9.3,14.4,12.4,15.6,9.4,13.3,11.7,14.7,11.9,11.8,,,,,,,,,,,,,,,,,,,,,,,,,,,,,,,,,,,,,,,,,16.5,17.4,16.8,15.2,16.8,16.6,15.6,15,16.2,15.4,17.3,17,16.6,17,16.8,16.8,16.6,14.4,17.7,17.3,16.1,17.6,17.2,15.9,15.9,15.4,15.2,15.5,16.8,16.1,14.5,64,62,61,69,58,69,64,75,62,69,60,61,73,69,54,72,58,71,56,68,57,66,52,65,63,68,73,72,71,65,71,0,0,0,0,0,0,0,0,0,0,0,0,0,0,0,0,0,0,0,0,0,0,0,0,0,0,0,0,0,0,0,20.2,15.5,20.3,20.5,15,23.4,23,28.2,14.5,29.8,20.6,16.8,24.6,21.3,18.8,27.6,15.5,27,16.6,19.6,15.1,14.5,13.8,24,26.9,26.5,27.2,30.1,26.1,23.4,30.9,20.5,16.2,20.9,18.7,15.8,23,23,30.2,15.5,30.2,21.2,18.4,25.9,21.6,18.4,30.6,15.5,28.4,18.4,20.9,15.1,14.8,14.8,23,29.5,26.6,27,32,28.4,24.1,32.8,,,,,,22.2204,114.2127
2025-12-26T17:00,13.4,13.7,14.5,15,14.1,13.8,15.4,13.9,16.1,15.4,14.4,15.3,14.3,13.3,14.3,14.2,13.9,13.1,13.4,16.3,12.7,14.5,15.1,14.9,15.8,15.1,12.8,14.6,13.5,15.4,14.1,13.7,14.5,13.6,13.1,14,14.6,14,15,14.4,63,59,60,51,58,66,61,58,63,62,65,54,59,60,59,58,54,66,66,57,57,57,61,67,58,62,56,49,64,60,62,57,51,58,62,57,62,59,56,61,0,0,0,0,0,0,0,0,0,0,0,0,0,0,0,0,0,0,0,0,0,0,0,0,0,0,0,0,0,0,0,0,0,0,0,0,0,0,0,0,9.2,13.1,12.8,11.7,8.7,9.4,9.7,16,12,8.2,9.9,12.4,10.6,9.4,11.1,11.8,8.7,7.3,8.4,13.2,13.8,10,10.4,9.4,9.5,8.5,11.4,13,12.3,12.1,9.2,13.2,11,14.2,9,12.7,10.7,12.9,10.8,11.6,,,,,,,,,,,,,,,,,,,,,,,,,,,,,,,,,,,,,,,,,16.6,17.5,17,14.9,16.9,16.5,15.6,14.8,16.2,15.6,17.4,17.2,16.8,17.1,16.8,17,16.8,14.5,17.9,17.5,16.1,17.8,17.3,15.8,16,15.4,15.1,15.6,16.9,16.2,14.6,64,61,62,71,59,71,65,75,62,70,60,59,74,71,55,72,59,71,57,68,59,66,52,67,64,68,74,71,72,65,70,0,0,0,0,0,0,0,0,0,0,0,0,0,0,0,0,0,0,0,0,0,0,0,0,0,0,0,0,0,0,0,19.6,14.5,20.3,21.3,14.7,24.3,24.3,28.1,14.2,29.4,20.9,15.3,25.3,21,18.7,28.1,16,26.2,17.1,20.1,15.3,13.7,13.2,25.4,27.7,26.6,27.8,31.1,26.4,23,28.5,20.2,15.1,20.9,19.8,15.5,24.1,24.8,30.2,15.5,30.2,21.6,16.9,26.6,21.2,18.7,31.7,16.2,27.7,18.7,21.2,15.5,14,14.8,24.5,31,27,27.4,33.1,28.8,23.8,29.9,,,,,,22.2204,114.2127
2025-12-26T18:00,13.4,13.7,14.3,14.9,14.1,13.8,15.2,13.8,15.9,15.4,14.3,15.1,14,13.2,14.2,13.8,13.6,13,13.4,16.1,12.5,14.4,14.8,14.7,15.5,14.9,13.1,14.6,13.3,15,14.2,13.4,14.5,13.5,13.2,14,14.4,13.9,14.9,14.3,64,61,62,51,60,66,62,59,65,63,66,56,60,60,61,59,54,66,66,58,58,59,63,68,60,63,56,51,66,62,62,58,51,59,62,58,63,60,57,62,0,0,0,0,0,0,0,0,0,0,0,0,0,0,0,0,0,0,0,0,0,0,0,0,0,0,0,0,0,0,0,0,0,0,0,0,0,0,0,0,8.7,12,12.2,10.8,8.4,9,8.9,14,11.7,8,9.2,10.8,10,9.5,10.5,10.6,7.9,6.9,8.4,12.9,12.6,9.3,9.9,8.5,8.8,8,10.2,11.5,11.3,11.4,9.2,12.1,9.7,12.6,8.5,12.4,9.3,11.3,9.8,11.1,,,,,,,,,,,,,,,,,,,,,,,,,,,,,,,,,,,,,,,,,16.8,17.8,17.1,14.9,17,16.6,15.6,14.6,16.5,15.8,17.4,17.4,17,17.2,16.9,17.2,16.9,14.8,17.9,17.7,16.1,18.1,17.5,15.8,16.1,15.6,15.1,15.6,17,16.5,14.7,66,60,64,72,60,72,67,76,63,71,60,59,75,71,55,73,61,71,60,68,60,66,53,68,64,68,75,71,74,65,70,0,0,0,0,0,0,0,0,0,0,0,0,0,0,0,0,0,0,0,0,0,0,0,0,0,0,0,0,0,0,0,20.7,13.4,20.7,21.2,14.6,24.7,25.5,30.2,15,30.1,21.3,15.5,25.8,20.6,18.7,29,17.7,25.1,18.9,19.7,15.9,14,14.3,26.8,27.8,26.1,28.1,32.1,27,22.8,27.1,21.2,14,21.6,20.5,15.5,24.8,27,32.4,16.6,31.7,22.3,17.3,27.4,20.9,19.1,33.1,18.4,27.4,20.2,20.5,16.6,14.4,15.5,26.3,31.3,27.4,27.7,34.6,29.5,23.8,28.1,,,,,,22.2204,114.2127
2025-12-26T19:00,13.3,13.8,14.1,14.7,14,13.8,15.1,13.7,15.7,15.3,14.2,14.9,13.7,13.2,14.1,13.4,13.3,13,13.3,15.9,12.4,14.2,14.6,14.5,15.2,14.7,13.3,14.7,13,14.6,14.2,13.2,14.5,13.4,13.2,14,14.2,13.7,14.9,14.1,64,63,63,53,62,66,63,60,67,63,66,58,61,60,62,61,55,67,67,59,59,61,65,68,62,63,57,53,67,63,63,59,52,60,63,59,64,61,58,63,0,0,0,0,0,0,0,0,0,0,0,0,0,0,0,0,0,0,0,0,0,0,0,0,0,0,0,0,0,0,0,0,0,0,0,0,0,0,0,0,8.4,10.7,11.9,10.2,8.1,8.7,8.4,12,11.8,8.2,8.9,9.4,9.2,9.2,10.1,10,7.2,6.8,8.3,12.6,11.3,8.9,9.7,7.9,7.9,8,9.4,10.2,10.1,10.8,9.6,11.3,8.4,11.1,8.1,12.1,8.4,9.9,9.2,10.9,,,,,,,,,,,,,,,,,,,,,,,,,,,,,,,,,,,,,,,,,16.9,17.9,17.3,14.8,17.2,16.8,15.7,14.3,16.7,15.8,17.4,17.5,17.2,17.3,17,17.4,17,15,17.8,17.9,16.1,18.4,17.5,15.8,16.1,15.8,15.2,15.7,17,16.6,14.8,69,59,66,72,60,72,69,79,64,73,61,59,75,71,56,73,63,70,65,69,62,65,55,70,65,69,75,71,78,66,71,0,0,0,0,0,0,0,0,0,0,0,0,0,0,0,0,0,0,0,0,0,0,0,0,0,0,0,0,0,0,0,22.5,13.1,20.9,20.7,14.7,24.6,27.2,33.3,17,31.4,21.6,17.1,25.7,19.6,18.5,30.2,19.9,24.5,21.5,19.1,16.9,14.8,16.5,27.7,27.9,25.8,28.1,33.3,27.8,22.4,26.5,23.4,13.3,22.3,20.9,15.8,25.6,29.5,36,18,34.6,22.7,18.7,27.7,20.2,19.4,34.9,20.9,27,22.7,19.8,18.4,15.5,17.3,28.8,31.3,27.7,28.4,36,30.2,24.1,27.4,,,,,,22.2204,114.2127
2025-12-26T20:00,13.3,13.9,14,14.7,14,13.7,14.9,13.7,15.5,15.2,14.1,14.7,13.6,13.1,14,13.2,13.1,12.9,13.2,15.6,12.3,14.1,14.4,14.4,15,14.5,13.5,14.7,12.9,14.4,14.2,13,14.4,13.3,13.2,13.9,14,13.6,14.8,13.9,65,64,64,54,64,66,64,62,69,64,67,60,61,61,63,62,56,68,67,60,60,62,66,69,63,64,57,54,68,64,63,60,53,61,63,59,65,62,59,64,0,0,0,0,0,0,0,0,0,0,0,0,0,0,0,0,0,0,0,0,0,0,0,0,0,0,0,0,0,0,0,0,0,0,0,0,0,0,0,0,8,10.2,11.6,9.7,7.9,8.7,7.9,10.9,11.3,8.1,8.6,8.4,8.6,9.3,10,9.3,6.9,6.7,8.3,12.1,10.6,8.4,9.2,7.4,7.4,7.5,8.7,9.4,9.4,10,9.4,10.5,7.6,10.3,7.8,11.7,7.8,8.8,8.7,10.8,,,,,,,,,,,,,,,,,,,,,,,,,,,,,,,,,,,,,,,,,16.9,18,17.3,14.9,17.4,16.9,15.7,14.1,16.9,15.9,17.4,17.6,17.5,17.4,17,17.5,17.1,15.2,17.6,18,16.1,18.5,17.5,15.6,16.1,16,15.2,15.7,17,16.8,14.8,71,59,68,71,61,73,71,80,66,74,62,61,76,71,57,74,66,70,69,70,63,66,57,71,66,70,76,71,80,67,71,0,0,0,0,0,0,0,0,0,0,0,0,0,0,0,0,0,0,0,0,0,0,0,0,0,0,0,0,0,0,0,23.7,13.1,21.7,20.2,15.4,25.2,28.6,35.7,18.6,32.5,21.7,18.7,26.4,19.5,18.7,31.6,22.1,24.6,24,19.1,17.7,16.2,18.7,29.5,28.6,25.5,28.9,34,28.3,22.2,25.2,24.8,13.3,23.8,20.9,16.2,26.6,31.7,39.2,19.8,36.4,23,20.5,28.8,20.2,19.8,36.4,23.4,27.4,24.8,19.8,19.4,17.3,19.1,31.3,32,27.7,29.5,37.4,31,24.1,25.9,,,,,,22.2204,114.2127
2025-12-26T21:00,13.2,14,13.8,14.7,13.9,13.6,14.8,13.8,15.4,15,14,14.6,13.5,13.1,13.9,13,13,12.8,13.2,15.4,12.3,14.1,14.3,14.2,14.8,14.5,13.5,14.7,12.8,14.2,14.1,12.9,14.3,13.3,13.2,13.7,13.8,13.4,14.7,13.8,65,64,65,56,66,66,65,64,70,65,67,61,61,62,64,63,58,69,68,60,61,64,67,70,64,64,57,56,69,65,64,60,54,62,63,59,66,63,60,65,0,0,0,0,0,0,0,0,0,0,0,0,0,0,0,0,0,0,0,0,0,0,0,0,0,0,0,0,0,0,0,0,0,0,0,0,0,0,0,0,8,10,11.4,9.4,7.6,8.9,7.7,10.4,11.1,7.9,8.6,7.7,8.1,9.2,10,9,6.6,6.7,8.2,11.6,10.1,8.1,8.7,7.1,7.1,7.1,8.3,9,9.1,9.5,9.3,10,7.1,9.8,7.3,11.3,7.3,8.1,8.1,10.5,,,,,,,,,,,,,,,,,,,,,,,,,,,,,,,,,,,,,,,,,17,18,17.2,15.1,17.5,17,15.6,13.9,17,16,17.4,17.6,17.6,17.5,17.1,17.5,17.1,15.3,17.5,18.1,16.3,18.5,17.4,15.6,16.1,16.2,15.4,15.7,17,16.9,15,73,61,71,70,63,75,72,80,68,75,62,65,77,72,60,75,69,71,72,73,65,70,61,72,68,71,77,71,81,69,71,0,0,0,0,0,0,0,0,0,0,0,0,0.1,0,0,0,0,0,0,0,0,0,0,0,0,0,0,0,0,0,0,24.3,14.5,23.1,19.6,15.9,27.2,30,37.5,20,32.8,21.1,20.7,27.8,19.8,19.5,32.7,23.6,26,25.8,20.7,18.1,18.4,20.8,32.1,30,25.3,30.3,34.9,28.2,22,23.4,25.6,15.1,25.9,20.9,16.6,29.2,33.1,41.4,21.6,37.1,22.3,22.7,30.6,20.9,20.5,37.4,25.2,28.8,27,22,19.8,19.8,21.2,34.9,33.5,27.7,31,38.5,31,23.8,24.1,,,,,,22.2204,114.2127
2025-12-26T22:00,13.1,14.1,13.6,14.9,13.8,13.4,14.5,13.9,15.3,14.8,13.9,14.6,13.6,13.1,13.8,12.9,12.9,12.7,13.1,15.1,12.3,14,14.1,14,14.7,14.4,13.5,14.7,12.7,14,14,12.9,14.1,13.2,13.2,13.5,13.6,13.1,14.5,13.6,66,64,66,59,69,66,67,66,71,65,68,62,61,64,65,64,61,70,69,60,61,65,68,71,65,64,58,58,69,65,65,61,54,62,63,59,67,64,60,66,0,0,0,0,0,0,0,0,0,0,0,0,0,0,0,0,0,0,0,0,0,0,0,0,0,0,0,0,0,0,0,0,0,0,0,0,0,0,0,0,8.4,10.3,11.3,9.4,6.9,9.2,7.4,10.2,10.8,7.9,8.6,7.3,8.1,9.2,10,8.7,6.3,6.8,7.9,11.3,9.7,7.9,8.3,6.8,7,6.4,8.7,8.8,8.7,9.2,8.9,9.9,6.9,9.7,6.9,11.2,7.1,7.7,7.7,10.5,,,,,,,,,,,,,,,,,,,,,,,,,,,,,,,,,,,,,,,,,17.1,18.1,17,15.4,17.6,16.9,15.4,13.8,17.1,16.2,17.4,17.6,17.6,17.6,17.2,17.5,17.1,15.3,17.5,18,16.6,18.4,17.2,15.4,16.1,16.4,15.5,15.6,17,17,15.2,75,65,75,68,65,77,71,80,71,76,63,71,78,73,63,75,73,72,75,76,67,74,65,72,70,72,79,72,82,71,71,0,0,0,0,0,0,0,0,0,0,0,0,0.1,0,0,0,0,0,0,0,0,0,0,0,0,0,0,0,0,0,0,24.1,16.9,25.3,19.1,16.6,29.4,31.3,38.9,21.4,32.8,20.3,22.9,29.6,20.5,20.3,33.9,24.8,28.4,27.4,23,18.3,21,23,35.6,32.3,25.2,31.7,35.4,28,21.6,21.3,25.9,18,28.1,20.5,17.3,32,34.2,43.2,23.4,37.4,21.2,24.8,33.1,22,21.6,38.2,27,31,29.5,24.8,19.8,23,24.1,38.9,35.6,27.4,32.4,39.6,31,23.4,22,,,,,,22.2204,114.2127
2025-12-26T23:00,13,14.2,13.4,15,13.7,13.1,14.3,14.1,15.2,14.6,13.8,14.5,13.6,13.1,13.7,12.8,12.9,12.6,13,14.8,12.3,13.9,14,13.8,14.5,14.4,13.5,14.7,12.6,13.8,13.8,12.9,13.9,13.1,13.2,13.3,13.4,12.8,14.3,13.4,67,63,68,63,72,66,68,69,72,66,68,64,62,65,66,64,64,71,70,60,61,67,69,72,67,65,59,60,70,66,67,61,55,62,63,59,67,65,61,67,0,0,0,0,0,0,0,0,0,0,0,0,0,0,0,0,0,0,0,0,0,0,0,0,0,0,0,0,0,0,0,0,0,0,0,0,0,0,0,0,8.7,10.9,11.3,9.8,6.4,9.4,7.6,10.2,10.3,7.9,8.6,7.2,8.1,9.1,10.1,8.4,5.7,6.8,7.8,11,9.4,7.7,7.9,6.3,7.1,6,8.7,8.5,8.3,8.7,8.5,9.8,6.6,9.7,6.6,11.1,6.9,7.4,7.2,10,,,,,,,,,,,,,,,,,,,,,,,,,,,,,,,,,,,,,,,,,17.1,18.1,16.9,15.6,17.6,16.8,15.4,13.6,17.2,16.4,17.2,17.5,17.6,17.7,17.2,17.4,17,15.2,17.5,18,16.8,18.3,17,15.2,15.9,16.5,15.5,15.4,17,17,15.4,76,68,78,66,67,79,71,80,73,77,63,75,79,74,66,76,75,72,77,79,68,78,69,73,73,73,80,73,82,73,70,0,0,0,0,0,0,0,0,0,0,0,0,0.1,0,0,0,0,0,0,0,0,0,0,0,0,0,0,0,0,0,0,24.4,19,27,18.7,17.1,31.4,31.6,39.6,22.7,32.3,19.3,24.9,30.5,21,21.1,34.3,25.8,30.7,28.3,25,18.4,23,25.4,37.2,33.8,24.9,33.1,35.9,27.9,21.3,18.9,26.6,20.2,29.9,19.8,17.6,34.2,34.6,43.9,24.5,36.7,20.5,26.6,34.2,22.7,22.3,38.5,28.1,32.8,31,27.4,19.8,25.6,26.6,41,37.8,27,33.8,40.3,30.6,23,19.8,,,,,,22.2204,114.2127
2025-12-27T00:00,12.9,14.3,13.2,15.2,13.6,12.9,14,14.2,15.1,14.4,13.7,14.4,13.7,13,13.6,12.7,12.8,12.4,12.9,14.5,12.3,13.9,13.9,13.6,14.3,14.4,13.4,14.7,12.5,13.6,13.7,12.9,13.6,13,13.2,13.1,13.3,12.5,14.2,13.2,67,62,69,66,74,66,70,71,72,66,68,64,62,67,68,64,67,73,71,60,62,69,70,73,68,65,60,61,70,66,68,61,55,63,62,59,68,66,61,68,0,0,0,0,0,0,0,0,0,0,0,0,0,0,0,0,0,0,0,0,0,0,0,0,0,0,0,0,0,0,0,0,0,0,0,0,0,0,0,0,8.9,11.3,11.6,9.9,6,10,7.4,10.5,10.2,8.2,8.9,7.3,7.8,8.8,10.4,8.1,5.4,6.8,7.7,10.8,9.4,7.4,7.6,6.2,7.2,5.9,9,8.5,8.3,8.8,8.1,10.1,6.8,9.9,6.4,10.7,7.2,7.4,7.1,10,,,,,,,,,,,,,,,,,,,,,,,,,,,,,,,,,,,,,,,,,17.1,18.2,16.8,15.6,17.6,16.6,15.4,13.4,17.2,16.5,17.1,17.4,17.5,17.7,17.2,17.4,16.9,14.9,17.4,17.8,16.9,18.2,16.7,15.2,15.8,16.5,15.4,15.2,17,17,15.4,77,71,79,64,70,80,71,80,74,78,63,76,79,75,69,76,76,72,78,80,69,79,72,74,76,74,81,75,82,74,69,0,0,0,0,0,0,0,0,0,0,0,0,0,0,0,0,0,0,0,0,0,0.1,0,0,0,0,0,0,0,0,0,25.1,20.3,28,17.6,17.4,32.5,30.2,39.3,23.4,30.9,19,25.8,29.9,21.5,21.7,33.6,26.6,32.2,29,26.3,18.6,24.1,28,36.5,35.3,24.1,33.9,36.3,27.7,21.7,16.2,27.7,21.6,31,18.7,17.6,34.9,33.5,43.6,25.2,34.9,20.2,27.7,33.8,23,23,38.2,29.2,34.6,31.7,28.8,19.8,26.6,29.2,40.3,39.6,25.9,35.3,41.4,30.2,23.4,17.6,,,,,,22.2204,114.2127
2025-12-27T01:00,12.7,14.4,13,15.3,13.5,12.6,13.8,14.4,14.9,14.1,13.6,14.4,13.7,13,13.5,12.7,12.8,12.3,12.9,14.2,12.3,13.8,13.7,13.4,14.1,14.4,13.3,14.7,12.5,13.5,13.5,12.9,13.4,13,13.2,12.8,13.1,12.2,14,13.1,68,61,69,68,76,65,71,73,73,67,68,65,62,68,68,65,70,73,71,60,62,70,71,73,68,65,60,63,70,67,69,61,56,63,62,59,69,67,62,69,0,0,0,0,0,0,0,0,0,0,0,0,0,0,0,0,0,0,0,0,0,0,0,0,0,0,0,0,0,0,0,0,0,0,0,0,0,0,0,0,9.2,11.6,11.7,9.9,6,10.3,7.7,10.5,9.7,8.3,9.2,7.4,7.8,9,10.5,8.1,5.6,7.1,7.7,10.7,9.3,7.7,7.6,6.1,7.6,6.1,9.4,8.4,8.2,8.8,7.7,10,7.1,10.2,6.6,10.6,7.2,7.6,6.8,9.8,,,,,,,,,,,,,,,,,,,,,,,,,,,,,,,,,,,,,,,,,17,18.1,16.8,15.6,17.6,16.3,15.4,13.4,17.1,16.5,17,17.3,17.2,17.5,17.2,17.3,16.7,14.6,17.2,17.6,16.9,18.2,16.5,15.3,15.5,16.6,15.1,15,17.1,16.9,15.4,79,75,79,61,72,81,70,80,74,79,64,76,78,77,72,76,76,71,78,80,70,79,75,74,78,74,81,77,81,75,68,0,0,0,0,0,0,0,0,0,0,0,0,0,0,0,0,0,0,0,0,0,0.1,0,0,0,0,0,0,0,0,0,26.3,21.1,28.5,16.4,17.3,32.9,27.7,37.9,24,29.2,19,26.7,28.5,22.2,22.3,32.5,26.9,33.6,28.8,27.2,18.9,24.3,30.2,34.1,36.4,23.3,34.4,36.4,27.4,22.5,13.8,28.8,22.3,31,16.9,17.6,34.9,31.7,42.5,25.2,32.4,20.2,28.1,32,23.4,23.8,37.4,29.5,36,31.3,29.5,19.8,26.6,31.7,38.2,41.8,24.5,36.4,42.1,29.5,23.8,15.1,,,,,,22.2204,114.2127
2025-12-27T02:00,12.7,14.5,12.9,15.3,13.4,12.4,13.6,14.4,14.8,14,13.5,14.3,13.8,12.9,13.4,12.7,12.8,12.2,12.8,14,12.3,13.7,13.6,13.3,13.9,14.4,13.2,14.6,12.4,13.4,13.5,12.9,13.2,12.9,13.2,12.7,13,12,13.9,12.9,68,60,70,69,77,65,71,74,73,67,68,65,62,69,69,65,71,74,72,60,62,71,71,74,69,66,60,63,70,67,70,61,56,63,62,59,69,67,62,69,0,0,0,0,0,0,0,0,0,0,0,0,0,0,0,0,0,0,0,0,0,0,0,0,0,0,0,0,0,0,0,0,0,0,0,0,0,0,0,0,9.2,11.8,11.6,9.9,5.8,10.6,8,10.5,9.7,8.5,9.2,7.7,7.8,8.8,10.6,7.9,5.4,7.3,7.6,10.7,9.3,7.5,7.5,6.1,8,6.1,9.8,8.2,8.2,8.8,7.3,10,7,10.2,6.5,10.6,7.2,8,6.8,9.7,,,,,,,,,,,,,,,,,,,,,,,,,,,,,,,,,,,,,,,,,17,18.1,16.6,15.5,17.5,16,15.5,13.3,17,16.6,16.9,17.1,17,17.4,17,17.2,16.5,14.3,17.1,17.4,16.8,18.1,16.2,15.4,15.2,16.5,14.9,14.9,17.1,16.8,15.4,79,77,78,59,74,81,69,80,73,79,65,76,76,77,74,76,75,70,78,80,70,79,77,75,80,74,81,79,80,75,67,0,0,0,0,0,0,0,0,0,0,0,0,0,0,0,0,0,0,0,0,0,0.1,0,0,0,0,0,0,0,0,0,26.9,21.8,28.5,15.6,17.3,33,25.9,36,23.5,27.9,19,26.8,26.7,22.1,22.6,31.7,26.5,34.8,28.3,27.3,18.7,24.1,31.8,32,37.3,22.7,34.6,35.7,27.1,22.8,12.5,29.5,22.7,31,15.8,17.3,34.6,29.5,40.7,24.5,31,20.2,28.1,29.9,23,23.8,36.7,29.2,37.1,30.2,29.9,19.4,26.3,33.5,36,42.8,23.8,37.1,41.4,28.8,23.8,13.3,,,,,,22.2204,114.2127
2025-12-27T03:00,12.6,14.4,12.7,15.2,13.4,12.2,13.4,14.4,14.5,13.8,13.3,14.2,13.7,12.8,13.3,12.7,12.8,12.1,12.7,13.7,12.2,13.6,13.5,13.1,13.7,14.2,13,14.4,12.3,13.3,13.4,12.8,13,12.8,13.1,12.5,12.9,11.9,13.8,12.8,69,59,70,69,76,65,71,74,73,67,68,65,62,69,69,65,71,74,72,60,62,71,71,75,69,68,60,63,70,68,71,61,56,63,62,59,69,67,62,69,0,0,0,0,0,0,0,0,0,0,0,0,0,0,0,0,0,0,0,0,0,0,0,0,0,0.1,0,0,0,0,0,0,0,0,0,0,0,0,0,0,9.2,11.6,11.3,9.5,6.2,10.9,8.4,10.5,9.4,8.4,9.1,8,7.8,8.6,10.5,7.7,5.4,7.3,7.6,10.7,9.3,7.5,7.5,6.1,7.9,6.5,10.1,7.9,8.2,8.8,7.3,9.9,6.9,10.2,6.5,10.6,7.2,7.9,7.1,9.8,,,,,,,,,,,,,,,,,,,,,,,,,,,,,,,,,,,,,,,,,16.9,18,16.5,15.5,17.4,15.9,15.5,13.5,16.9,16.6,16.7,17,16.8,17.2,16.9,17.1,16.5,14.2,17.1,17.3,16.5,18.1,16,15.6,15.1,16.4,14.9,15.1,17,16.8,15.4,78,78,76,58,74,81,68,80,72,79,67,75,73,76,74,75,74,70,77,79,69,79,78,76,81,74,81,79,79,74,66,0,0,0,0,0,0,0,0,0,0.1,0,0,0,0,0,0,0,0,0,0,0,0,0,0,0,0,0,0,0,0,0,26.7,21.9,27.9,14.7,16.9,32.2,24.5,33.4,21.3,28.1,19.5,26.5,24,21.1,22.3,31.6,25.3,34.9,26.3,26.8,18.2,23.3,33.2,30.4,37.6,22.9,33.7,33.2,26.4,22.1,11.5,29.2,22.7,30.2,15.1,16.9,33.8,27.4,37.4,22.3,31,20.5,28.1,26.6,22,23,36,27.4,37.4,28.1,29.5,18.7,25.2,34.6,34.2,43.6,24.1,36.4,38.2,28.4,23,11.9,,,,,,22.2204,114.2127
2025-12-27T04:00,12.4,14.3,12.4,14.9,13.3,12,13.2,14.2,14.1,13.6,13,14.1,13.6,12.5,13.1,12.6,12.8,11.9,12.6,13.3,12.1,13.3,13.2,12.9,13.4,14,12.8,14.1,12.1,13.1,13.4,12.6,12.7,12.6,12.9,12.2,12.8,11.7,13.7,12.6,69,57,70,67,75,64,70,74,73,68,69,64,63,69,70,65,71,74,73,61,62,71,71,75,70,70,59,62,70,68,71,62,56,63,63,60,69,68,63,70,0,0,0,0,0,0,0,0,0,0,0,0,0,0,0,0,0,0,0,0,0,0,0,0,0,0.1,0,0,0,0,0,0,0,0,0,0,0,0,0,0,8.8,10.8,10.9,8.9,6.5,10.9,8.3,10.5,9.9,8.4,9.3,8,8,8.4,10.5,7.8,5.4,7.3,8,10.7,9.2,7.3,7.9,6.4,7.9,6.8,10.1,7.7,8.1,8.4,7,9.9,6.9,10.4,6.8,10.7,7.2,8.3,7.3,9.7,,,,,,,,,,,,,,,,,,,,,,,,,,,,,,,,,,,,,,,,,16.9,17.9,16.3,15.4,17.2,15.8,15.4,13.9,16.8,16.6,16.5,16.9,16.5,17,16.5,17,16.4,14.3,17.1,17.2,16.2,18,15.9,15.8,15,16.1,14.9,15.4,16.9,16.6,15.4,76,78,74,58,74,80,66,79,70,79,69,74,69,74,72,75,73,69,75,78,68,79,77,76,82,75,81,79,78,71,65,0,0,0,0,0,0,0,0,0,0.1,0,0,0,0,0,0,0,0,0,0,0,0,0,0,0,0,0,0,0,0,0,25.9,21.9,27.3,14.6,16.2,30.8,23.5,30.4,18.1,29.2,20,25.9,20.6,19.5,22.2,31.4,23.3,34.2,23.5,25.8,17.4,22.2,34.1,29.4,37.5,23.7,32.6,30,26.1,21.1,10.4,28.4,22.7,28.8,15.1,16.6,32.8,25.2,33.5,19.1,31.7,21.2,28.1,22.7,20.2,22,35.3,24.8,37.8,24.8,28.4,18,23.4,34.9,32.4,43.6,24.5,34.9,33.5,28.1,22,11.2,,,,,,22.2204,114.2127
2025-12-27T05:00,12.3,14.2,12.2,14.5,13.3,11.7,13,13.9,13.7,13.4,12.8,13.9,13.4,12.2,12.8,12.6,12.8,11.7,12.4,13,12,13.1,13,12.8,13.1,13.8,12.5,13.8,11.9,13,13.3,12.4,12.5,12.4,12.8,12,12.7,11.6,13.5,12.4,70,56,70,65,73,64,69,73,72,68,70,64,64,68,70,65,71,74,73,61,62,71,71,76,70,72,58,60,71,69,71,63,57,63,63,61,69,68,63,70,0,0,0,0,0,0,0,0,0,0,0,0,0,0,0,0,0,0,0,0,0,0,0,0,0,0.1,0,0,0,0,0,0,0,0,0,0,0,0,0,0,8.8,10.5,10.4,8.5,7,10.9,8.7,10.5,10.1,8.4,9.3,8.4,8.3,8.4,10.4,8,5.6,6.9,8.3,10.7,8.8,7.3,7.9,6.7,7.6,7.2,10.5,7.7,8.4,8.1,7.1,9.8,6.9,10.5,7.2,10.7,6.9,8.3,7.6,9.8,,,,,,,,,,,,,,,,,,,,,,,,,,,,,,,,,,,,,,,,,16.9,17.8,16.1,15.4,17,15.7,15.4,14.1,16.6,16.6,16.4,16.8,16.4,16.8,16.2,17,16.3,14.2,17.1,17,15.9,17.9,15.9,15.9,14.9,15.9,15,15.6,16.8,16.5,15.4,74,77,72,58,73,79,66,79,69,79,70,73,66,73,70,74,71,69,73,77,67,78,76,76,82,74,81,79,77,69,64,0,0,0,0,0,0,0,0,0,0.1,0,0,0,0,0,0,0,0,0,0,0,0,0,0,0,0,0,0,0,0,0,25,21.6,26.1,14.8,16,29.2,22.7,27.6,15.7,29.9,20.2,25,17.7,18.4,21.4,30.9,21.9,34.1,21,25,16.6,20.8,33.7,27.9,36.9,23.6,31.7,27.4,25.8,19.9,10.2,27.4,22,27.4,15.1,15.8,31.7,24.1,29.9,16.6,32.8,21.6,27.4,19.1,19.1,20.9,34.6,22.7,38.2,22,27.7,16.9,21.6,34.2,30.6,42.5,24.5,33.8,30.2,27.7,20.9,10.8,,,,,,22.2204,114.2127
2025-12-27T06:00,12.2,14,12,14.2,13.3,11.6,12.9,13.8,13.4,13.3,12.6,13.8,13.3,12.1,12.7,12.7,12.8,11.7,12.3,12.8,12,13,12.9,12.7,12.9,13.6,12.3,13.6,11.8,13,13.4,12.3,12.3,12.3,12.7,11.8,12.7,11.6,13.5,12.3,70,55,70,63,70,63,68,72,71,68,70,63,64,68,70,65,69,73,74,62,62,71,70,76,70,74,57,58,71,69,71,63,56,62,64,61,69,68,64,70,0,0,0,0,0,0,0,0,0,0,0,0,0,0,0,0,0,0,0,0,0,0,0,0,0,0.1,0,0,0,0,0,0,0,0,0,0,0,0,0,0,8.4,9.7,9.7,8,7.8,10.9,9.1,10.5,10.8,8.4,9.5,8.7,8.7,8.5,10.1,8.1,5.9,6.9,8.7,10.8,8.9,7.3,8.3,6.5,7.2,7.6,10.8,7.6,8.4,7.9,7.2,9.8,6.9,10.6,7.6,10.8,7.1,8.7,7.9,10.4,,,,,,,,,,,,,,,,,,,,,,,,,,,,,,,,,,,,,,,,,16.9,17.5,16,15.4,16.9,15.7,15.2,14.4,16.5,16.5,16.4,16.7,16.4,16.6,15.9,16.9,16.2,14.1,17,16.9,15.9,17.6,15.9,16,15.1,15.8,15.1,15.9,16.8,16.5,15.5,72,76,70,59,73,77,67,79,68,79,71,72,64,72,68,73,69,69,71,76,66,77,74,75,82,72,81,79,75,68,63,0,0,0,0,0,0,0,0,0,0,0,0,0,0,0,0,0,0,0,0,0,0,0,0,0,0,0,0,0,0,0,23.2,20.4,24.3,15.4,15.1,27.8,22.7,25.2,14.5,30.3,20.4,23.3,15,18.1,20.1,30.3,20.8,34.9,18.6,24.4,15.5,19.1,31.6,26.4,35,22,31.2,26.8,25.4,19,10.7,25.6,20.9,25.2,15.5,14.4,30.6,24.5,27.4,15.1,33.8,21.6,25.6,15.8,19.1,19.4,33.5,20.9,39.6,19.4,27.4,15.8,19.8,32.8,28.4,40.3,22.7,33.8,29.2,27.4,19.8,11.2,,,,,,22.2204,114.2127
2025-12-27T07:00,12.3,14,12.1,14.1,13.5,11.6,13,13.7,13.3,13.4,12.6,13.9,13.4,12.1,12.7,12.8,13,11.7,12.4,12.7,12.1,13,13,12.8,12.9,13.6,12.3,13.4,11.8,13.1,13.6,12.4,12.3,12.4,12.8,11.9,12.8,11.8,13.6,12.4,71,53,69,60,67,62,66,71,70,68,71,62,64,66,69,65,68,72,73,62,62,70,69,76,69,76,56,56,70,69,70,63,56,62,64,62,68,67,64,69,0,0,0,0,0,0,0,0,0,0,0,0,0,0,0,0,0,0,0,0,0,0,0,0,0,0.1,0,0,0,0,0,0,0,0,0,0,0,0,0,0,8.1,9,9.2,8.3,8.2,10.9,9.4,10.2,11.3,8.4,9.5,9.4,8.6,8.7,10,8.7,5.9,6.6,8.7,11.3,8.9,7.5,8.3,6.8,7.3,8,10.8,7.7,8.7,7.6,7.5,9.8,6.9,10.9,7.6,10.9,7.3,8.7,8.3,10.7,,,,,,,,,,,,,,,,,,,,,,,,,,,,,,,,,,,,,,,,,16.9,17.4,16,15.2,16.8,15.8,14.9,14.6,16.5,16.4,16.4,16.8,16.4,16.5,15.7,16.8,16,13.9,17,16.8,15.9,17.5,15.9,16,15.2,15.7,15.1,16,16.9,16.4,15.6,69,74,67,62,73,74,70,79,67,79,71,71,62,72,66,72,68,69,68,75,65,76,71,73,81,68,80,79,73,66,63,0,0,0,0,0,0,0,0,0,0,0,0,0,0,0,0,0,0,0,0,0,0,0,0,0,0,0,0,0,0,0,21,19,21.9,16,13.5,27,22.9,23.4,14,30.4,20.1,21.4,12.9,18.2,18.1,29.2,19.8,36.1,16.4,24.1,14.5,17.4,28.7,24.5,32.2,19.4,31.3,27.2,24.9,18.1,11.8,23,19.1,23,16.2,12.6,29.5,25.6,25.2,14,34.9,21.6,23.4,13,19.4,17.6,32.8,19.4,41.4,17.6,26.6,14.8,18,30.2,26.3,37.1,20.2,33.8,29.5,27,19.1,12.2,,,,,,22.2204,114.2127
2025-12-27T08:00,12.7,14.1,12.3,14.3,13.8,11.9,13.2,13.9,13.4,13.6,12.9,14.1,13.6,12.4,13,13.1,13.3,12,12.7,12.9,12.4,13.3,13.3,13.1,13.1,13.8,12.5,13.6,12.1,13.3,13.9,12.6,12.5,12.7,13.1,12.2,13.2,12.2,13.9,12.7,70,52,68,58,65,60,64,69,69,67,70,60,64,65,68,64,66,71,72,61,61,68,68,75,68,76,55,54,69,69,69,63,55,61,63,61,67,66,63,68,0,0,0,0,0,0,0,0,0,0,0,0,0,0,0,0,0,0,0,0,0,0,0,0,0,0.1,0,0,0,0,0,0,0,0,0,0,0,0,0,0,8.1,9,9,8.5,8.4,11.3,9.8,10.2,11.5,8.8,9.4,9.8,8.9,8.7,10,9,5.9,6.6,9,11.3,8.9,7.5,8.4,7.1,7.3,8.4,11.2,7.9,9.1,7.8,7.9,9.8,6.9,11.1,7.7,11,7.1,9.1,8.6,10.9,,,,,,,,,,,,,,,,,,,,,,,,,,,,,,,,,,,,,,,,,17,17.2,16,15.2,16.8,15.9,14.9,14.9,16.5,16.3,16.4,16.8,16.5,16.5,15.6,16.8,16,13.6,17,16.7,16.1,17.4,16.1,16.1,15.4,15.6,15.2,16.2,17,16.4,15.8,67,72,65,63,71,72,72,78,66,78,71,70,61,71,64,72,66,69,65,73,64,74,68,71,80,65,79,79,71,65,63,0,0,0,0,0,0,0,0,0,0,0,0,0,0,0,0,0,0,0,0,0,0,0,0,0,0,0,0,0,0,0,19.5,17.7,20.2,16.3,12.9,25.6,23.1,21.6,13.8,30.3,19.8,19.7,11.4,18.1,16.5,28.4,18.6,37.2,14.9,23.6,13.6,15.7,25.5,23.2,29.6,17.3,30.6,27.3,23.9,17.3,12.8,20.9,17.6,20.9,16.6,11.5,28.1,26.6,23.4,13.3,35.3,21.2,21.2,11.2,19.1,16.2,31.7,18,42.8,15.8,25.9,14,16.2,27.4,24.5,34.2,18.4,33.5,29.5,25.9,18,13.3,,,,,,22.2204,114.2127
2025-12-27T09:00,13.4,14.5,13,14.8,14.5,12.5,13.8,14.4,14,14.2,13.6,14.7,14.2,13.1,13.7,13.7,14,12.7,13.4,13.5,13.1,14.1,14,13.8,13.8,14.4,13.1,14.1,12.8,13.9,14.6,13.2,13.2,13.4,13.7,12.9,13.9,12.9,14.5,13.3,68,51,66,55,62,57,61,66,67,65,68,58,63,63,65,62,63,69,70,59,59,65,66,73,66,74,53,52,67,68,66,62,53,59,61,59,65,64,61,66,0,0,0,0,0,0,0,0,0,0,0,0,0,0,0,0,0,0,0,0,0,0,0,0,0,0,0,0,0,0,0,0,0,0,0,0,0,0,0,0,8.2,9.5,8.9,8.8,8.5,12.1,10.6,10.2,11.5,9.5,9.4,10.5,9.3,8.7,10.1,9.7,5.9,6.7,9.4,11.6,8.9,7.7,8.6,7.4,7.6,8.7,11.6,8.2,9.4,7.9,8.6,9.8,7.3,11.5,7.8,11.3,6.8,9.5,9,11.3,,,,,,,,,,,,,,,,,,,,,,,,,,,,,,,,,,,,,,,,,17.3,17.5,16.2,15.4,17,16.2,15.1,15.1,16.6,16.5,16.6,17,16.8,16.9,15.9,17,16.2,13.7,17.3,16.8,16.5,17.6,16.5,16.4,15.8,15.9,15.6,16.5,17.2,16.6,15.9,65,69,64,63,67,70,73,77,64,77,70,67,60,68,61,73,64,69,62,71,63,70,64,69,79,63,78,79,68,63,63,0,0,0,0,0,0,0,0,0,0,0,0,0,0,0,0,0,0,0,0,0,0,0,0,0,0,0,0,0,0,0,18.5,16.6,19.2,16.3,13.5,24.1,23.1,20.3,13.3,29.8,19.5,18.4,11.3,17.3,15,27.9,16.8,37.6,14.2,23,13.3,14.2,21.6,22.4,27.7,16.5,29.5,26.9,21.9,16.6,13.4,19.4,16.6,19.4,16.2,12.2,25.9,26.6,21.6,13,34.2,20.5,19.4,11.5,18,14.8,31,16.2,43.6,14.8,24.5,13.3,14.4,23.8,23.4,31.7,17.6,32,29.2,23.4,16.9,14,,,,,,22.2204,114.2127
2025-12-27T10:00,14.5,15,14,15.7,15.5,13.5,14.8,15.1,14.9,15.2,14.6,15.6,15.1,14.3,14.7,14.4,14.9,13.7,14.4,14.5,14.2,15.2,15,14.9,14.9,15.2,14.1,14.9,13.9,14.7,15.6,14.2,14.1,14.4,14.8,13.9,14.9,14,15.5,14.3,66,50,63,52,59,54,57,63,64,63,65,55,61,59,62,60,60,66,66,57,56,61,63,69,63,71,51,48,64,65,62,59,50,57,58,57,62,61,59,62,0,0,0,0,0,0,0,0,0,0,0,0,0,0,0,0,0,0,0,0,0,0,0,0,0,0,0,0,0,0,0,0,0,0,0,0,0,0,0,0,8.6,10,8.9,9.3,8.9,13,11.7,9.7,11.5,10.5,9.4,11.6,9.2,9.1,9.9,10.8,5.9,6.8,9.4,12,9.3,8.2,8.4,7.4,8,9.4,11.6,8.6,10.1,8.4,9.2,9.8,7.6,11.6,7.8,11.9,6.4,9.9,9.5,12,,,,,,,,,,,,,,,,,,,,,,,,,,,,,,,,,,,,,,,,,17.6,17.9,16.5,15.6,17.4,16.5,15.4,15.4,17,16.9,16.9,17.4,17.1,17.2,16.2,17.4,16.5,13.8,17.6,17,17.1,18,16.9,16.5,16,16.1,15.9,16.9,17.5,17,16.1,63,65,63,63,61,68,74,75,62,75,68,64,59,64,57,73,62,69,59,69,61,66,60,67,77,61,76,78,65,62,64,0,0,0,0,0,0,0,0,0,0,0,0,0,0,0,0,0,0,0,0,0,0,0,0,0,0,0,0,0,0,0,17.9,15.9,18.3,16,14.7,22.5,23.1,19.2,13.3,29.2,18.7,17.6,12.6,15.6,13.7,27.4,15,37.8,13.5,21.9,12.8,12.1,17.4,22.4,26.3,16.4,27.8,26.6,19.2,15.8,14,18.4,15.5,18.4,15.5,14,23.8,26.6,20.2,13,32.8,19.4,18,13,16.2,13.7,30.6,14.4,43.9,14,22.7,13,13,19.8,22.7,28.8,16.9,30.2,28.8,19.8,15.8,14.4,,,,,,22.2204,114.2127
2025-12-27T11:00,15.7,15.6,15.1,16.8,16.6,14.7,15.9,16,16,16.3,15.9,16.6,16.1,15.6,15.9,15.3,15.9,14.8,15.6,15.6,15.4,16.6,16.3,16.1,16.2,16.2,15.2,15.8,15.2,15.6,16.7,15.3,15.3,15.6,15.9,15.1,16,15.3,16.6,15.5,63,49,61,49,55,50,52,59,61,60,62,51,60,56,57,57,56,63,62,54,53,57,59,66,60,68,49,45,60,63,58,56,47,54,55,54,59,57,56,59,0,0,0,0,0,0,0,0,0,0,0,0,0,0,0,0,0,0,0,0,0,0,0,0,0,0,0,0,0,0,0,0,0,0,0,0,0,0,0,0,8.7,11,9.1,9.6,9,14.3,12.5,9.5,11.5,11.6,9.1,13,9.5,9.3,10.2,11.5,5.9,7,9.8,12.7,9.6,8.7,8.5,7.7,8.4,9.7,12.2,8.9,10.5,9.2,10.1,9.8,8.4,12.3,7.7,12.6,6,10,10,12.7,,,,,,,,,,,,,,,,,,,,,,,,,,,,,,,,,,,,,,,,,17.9,18.1,16.8,15.9,17.8,16.8,15.7,15.5,17.2,17,17.1,17.6,17.5,17.6,16.6,17.6,16.8,13.9,18,17.2,17.6,18.5,17.2,16.8,16.3,16.4,16.1,17,17.9,17.2,16.2,62,62,62,62,56,67,75,74,60,74,66,61,58,61,54,74,60,69,57,67,60,62,56,66,76,59,75,78,63,60,64,0,0,0,0,0,0,0,0,0,0,0,0,0,0,0,0,0,0,0,0,0,0,0,0,0,0,0,0,0,0,0,17.4,15,17.8,15.5,15,21.2,23.2,18.8,13,28.5,17.7,16.6,13,14,12.8,26.9,13.3,37.6,12.9,20.6,12.4,10.8,14.7,21.4,24.2,16.3,26.7,26.3,16.7,14.6,14.6,17.6,14.8,17.6,15.1,15.1,21.6,26.3,19.1,13,31.3,18,16.6,14,14.4,12.6,29.9,13,43.6,13.7,20.5,12.6,11.9,16.6,21.6,26.3,16.6,28.4,28.1,16.9,14.8,14.8,,,,,,22.2204,114.2127
2025-12-27T12:00,16.9,16.2,16.3,17.8,17.7,15.9,16.9,16.9,17,17.4,17.1,17.7,17,16.9,17.1,16.2,16.9,15.9,16.8,16.7,16.6,17.9,17.5,17.2,17.5,17.1,16.2,16.7,16.4,16.5,17.8,16.4,16.4,16.8,17,16.4,17.2,16.6,17.7,16.6,60,48,58,46,52,46,48,56,58,57,59,48,58,52,53,55,53,60,59,51,51,53,56,62,57,64,46,42,57,60,54,54,44,51,51,50,57,54,53,55,0,0,0,0,0,0,0,0,0,0,0,0,0,0,0,0,0,0,0,0,0,0,0,0,0,0,0,0,0,0,0,0,0,0,0,0,0,0,0,0,9.2,12,9.3,9.8,8.9,15.4,13.6,9,11.3,12.7,9.1,13.8,9.8,9.4,10.1,12.6,6,7.1,9.8,13,10,9.2,8.4,7.7,9.1,10.1,12.3,9,11.2,9.8,11.2,9.9,8.8,12.5,7.8,13.2,5.6,10.4,10.6,13.1,,,,,,,,,,,,,,,,,,,,,,,,,,,,,,,,,,,,,,,,,18.1,18.5,17,16.1,18.1,16.8,15.9,15.4,17.6,17.1,17.4,17.9,18,17.9,17,17.9,17,14.1,18.4,17.5,18,18.9,17.6,17,16.5,16.7,16.4,17.2,18.2,17.5,16.5,61,60,61,62,54,66,76,74,59,73,64,59,58,59,52,73,59,69,55,65,59,59,54,65,74,58,74,77,62,59,64,0,0,0,0,0,0,0,0,0,0,0,0,0,0,0,0,0,0,0,0,0,0,0,0,0,0,0,0,0,0,0,16.9,14,17.1,14.8,13.8,19.9,23.3,18.9,12.7,28.5,16.3,15.3,12.5,12.2,11.9,25.7,11.9,36.9,12.2,18.2,11.7,10.8,12.9,20.1,21.7,15.9,26.1,25.8,15,13.7,14.7,17.3,14,16.9,14.8,14.8,20.2,26.3,18.7,13,31,16.6,15.5,13.7,13,12.2,28.4,11.9,42.5,13.3,18,12.2,12.2,14.8,19.8,23.4,15.8,27.4,27,15.1,14,14.8,,,,,,22.2204,114.2127
2025-12-27T13:00,17.9,16.7,17.2,18.7,18.5,16.8,17.8,17.6,18,18.2,18.1,18.5,17.8,18,18.1,16.9,17.6,16.9,17.8,17.7,17.5,19,18.5,18.2,18.5,17.9,17.1,17.5,17.4,17.3,18.7,17.3,17.4,17.8,18,17.4,18.1,17.6,18.6,17.6,58,48,56,45,50,42,44,53,55,54,57,46,56,50,50,53,50,58,56,49,49,50,53,60,54,61,45,40,54,58,50,52,42,50,49,48,55,52,52,52,0,0,0,0,0,0,0,0,0,0,0,0,0,0,0,0,0,0,0,0,0,0,0,0,0,0,0,0,0,0,0,0,0,0,0,0,0,0,0,0,9.3,12.8,9.3,10.1,9.2,16.3,14.4,8.8,11,13.4,8.7,14.5,9.8,9.4,10.5,13.3,6,7.2,10.2,13.4,10,9.4,8.6,8,9.5,10.5,12.3,9.4,11.6,10.1,12.3,9.9,9.5,12.5,7.7,13.4,5.2,10.5,10.8,13.8,,,,,,,,,,,,,,,,,,,,,,,,,,,,,,,,,,,,,,,,,18.4,18.6,17.2,16.4,18.5,16.7,16.1,15.4,18,17.1,17.6,18.1,18.4,18.2,17.5,18.1,17.2,14.2,18.6,17.9,18.2,19.4,18,17.2,16.6,17,16.5,17.2,18.5,17.7,16.6,61,59,61,61,53,65,76,74,58,72,62,59,58,59,51,72,58,68,54,63,58,57,53,65,73,58,73,77,62,58,65,0,0,0,0,0,0,0,0,0,0,0,0,0,0,0,0,0,0,0,0,0,0,0,0,0,0,0,0,0,0,0,16.9,13.1,16.5,14.2,12.3,18.9,23.5,18.9,12.4,28.5,14.8,14.8,11.7,10.9,11.5,24.2,10.5,35.8,12.2,15.3,11.3,11.4,12,18,19.9,15.3,25.5,25.4,13.4,13.1,15,16.9,13.7,16.2,14.8,13.3,19.1,25.9,18.7,12.6,31,14.8,15.1,13,11.9,11.9,26.6,10.8,40.7,13.7,15.5,11.5,13.3,13.7,17.3,20.9,14.8,26.3,25.9,13.7,14,14.4,,,,,,22.2204,114.2127
2025-12-27T14:00,18.5,17,17.8,19.2,19,17.4,18.3,18,18.5,18.7,18.7,19,18.3,18.6,18.7,17.3,18.1,17.5,18.3,18.2,18.1,19.6,19.1,18.8,19.2,18.4,17.6,18,18,17.8,19.2,17.8,17.9,18.3,18.5,18,18.6,18.2,19.1,18.1,57,48,55,44,50,40,42,52,54,53,56,45,55,50,49,52,49,57,54,48,49,49,52,59,53,59,44,39,53,57,48,51,41,50,49,47,55,51,51,51,0,0,0,0,0,0,0,0,0,0,0,0,0,0,0,0,0,0,0,0,0,0,0,0,0,0,0,0,0,0,0,0,0,0,0,0,0,0,0,0,9.5,13,9.2,10.2,8.9,16.8,14.8,8.6,11,13.8,8.7,14.9,9.8,9.2,10.4,13.3,5.7,7.4,10.2,13.4,10,9.4,8.3,7.7,9.5,10.5,12.4,9.4,11.6,10.3,12.6,10,9.5,12.3,7.6,13.6,4.5,10.6,10.8,13.9,,,,,,,,,,,,,,,,,,,,,,,,,,,,,,,,,,,,,,,,,18.5,18.9,17.4,16.5,18.6,16.6,16.3,15.2,18.2,17.1,17.9,18.2,18.6,18.4,17.8,18.2,17.4,14.4,18.9,18,18.5,19.6,18.3,17.4,16.6,17.2,16.5,17.3,18.6,17.8,16.8,61,58,60,61,52,64,77,74,58,72,61,58,58,58,50,72,58,68,54,62,58,55,52,65,72,58,72,76,62,57,65,0,0,0,0,0,0,0,0,0,0,0,0,0,0,0,0,0,0,0,0,0,0,0,0,0,0,0,0,0,0,0,16.9,11.9,15.9,13.8,11.3,17.6,23.7,19.2,12.1,28.3,13.9,13.8,11.2,10.5,10.8,23.1,9.3,34.9,11.9,12.9,11.3,11,11.5,16.3,18.8,14.8,25.2,24.5,11.8,13.3,15,16.6,13,15.8,14.4,11.9,18,25.9,19.1,12.6,30.6,13.7,14.4,12.6,10.8,11.9,25.2,9.7,39.2,13.7,13.3,11.5,13.7,13,15.5,19.1,14,25.6,24.8,12.6,13.7,14,,,,,,22.2204,114.2127
2025-12-27T15:00,15.5,15.5,15,16.2,15.3,14,15.1,15.1,15.9,15.3,15.5,16.1,15.8,14.8,15.4,15.3,14.9,14.7,15.1,15.3,14.6,15.7,15.7,15.3,15.7,15.8,14.6,15.7,14.7,15.7,16.2,15.2,14.6,14.7,15,14.7,15,14.8,16.2,15.1,68,54,68,61,70,47,51,69,66,62,70,58,59,72,69,64,65,69,67,58,69,72,66,79,66,70,54,52,66,67,61,65,55,71,69,59,75,68,65,66,0,0,0,0,0,0,0,0,0,0,0,0,0,0,0,0,0,0,0,0,0,0,0,0,0,0,0,0,0,0,0,0,0,0,0,0,0,0,0,0,7.3,8.7,7.4,6.9,5.8,12.1,11.3,9.2,11.6,8.9,8.3,9.3,8.9,5.4,8.6,8.4,5,6.6,9.6,10.6,7.3,6.3,6.6,5.1,7.2,8.1,9.8,7.4,9.3,7.6,10.2,8.7,7.4,6.9,4.8,10.5,3.4,7.6,6.3,11.4,,,,,,,,,,,,,,,,,,,,,,,,,,,,,,,,,,,,,,,,,18.5,19,17.6,16.8,18.8,16.8,16.5,15.4,18.4,17.1,18.1,18.4,18.8,18.6,18,18.4,17.5,14.5,19.1,18.1,18.8,19.9,18.4,17.6,16.8,17.4,16.5,17.5,18.6,17.9,16.9,61,57,59,61,52,63,77,74,58,72,60,57,58,58,51,73,58,69,55,62,58,54,52,64,72,58,71,76,62,57,65,0,0,0,0,0,0,0,0,0,0,0,0,0,0,0,0,0,0,0,0,0,0,0,0,0,0,0,0,0,0,0,16.7,10.2,16.1,12.7,9.8,16.1,24,19.4,11.4,27.3,13.5,12.8,10.7,10.4,9.7,21.8,7.7,34.2,11.4,11.2,11.5,8.5,10.3,14.5,18.4,14.5,24.6,22.9,10.2,13.1,15,16.2,11.9,16.2,13.7,10.4,16.6,26.3,19.4,12.2,29.9,13.7,13.7,12.6,10.4,11.5,23.8,8.3,38.5,13.7,12.2,11.9,12.2,11.9,14,18.7,13.7,25.2,23.8,11.5,13.3,14.4,,,,,,22.2204,114.2127
2025-12-27T16:00,16,15.7,15.5,16.6,15.5,14.4,15.4,15.4,16.3,15.6,16,16.5,16.1,15.2,15.8,15.6,15.1,15.2,15.5,15.7,15,16.2,16.1,15.7,16.2,16.2,14.9,16.1,15.1,16.1,16.6,15.7,15,15,15.3,15.2,15.3,15.2,16.5,15.6,68,55,68,61,70,46,49,69,66,61,70,58,58,73,69,64,65,69,66,57,71,72,66,80,65,69,54,52,65,67,59,65,55,73,70,58,77,68,65,65,0,0,0,0,0,0,0,0,0,0,0,0,0,0,0,0,0,0,0,0,0,0,0,0,0,0,0,0,0,0,0,0,0,0,0,0,0,0,0,0,7.2,8.7,7.2,7.1,5.9,12.1,11.4,9.4,11.7,8.7,8.3,9,8.5,5.4,8.4,8.5,5.4,6.6,9.6,10.8,7.2,6,6.3,4.8,7.3,8.2,9.7,7.1,9.4,7.6,10.5,8.4,7.6,6.5,4.6,10.3,3.2,7.4,6.4,11.5,,,,,,,,,,,,,,,,,,,,,,,,,,,,,,,,,,,,,,,,,18.6,19.1,17.9,17,18.8,17,16.5,15.6,18.5,17.1,18.3,18.5,18.9,18.7,18,18.5,17.5,14.6,19.2,18,18.9,20,18.2,17.8,16.8,17.4,16.5,17.5,18.5,17.9,16.9,62,57,59,60,52,61,78,74,58,73,60,57,59,58,52,74,57,71,56,62,60,54,52,63,73,59,70,75,62,57,65,0,0,0,0,0,0,0,0,0,0,0,0,0,0,0,0,0,0,0,0,0,0,0,0,0,0,0,0,0,0,0,16.7,8.6,16.6,11,8.8,14.8,24.4,19.1,11.2,26,13.5,12,10.5,10.5,9.4,20.9,6.1,33.2,12,11,12.3,5.9,9.8,13.2,18.1,14.2,24.3,21.2,8.8,13.2,15,15.8,10.8,16.9,12.6,8.6,15.1,26.6,19.8,11.9,28.8,14,13,13,10.1,11.2,22.3,6.8,37.8,14,11.9,13,9.7,10.8,13.3,19.8,13.7,25.6,22.3,10.8,13,14.8,,,,,,22.2204,114.2127
2025-12-27T17:00,16.4,15.9,15.9,16.9,15.8,14.7,15.7,15.5,16.7,15.9,16.4,16.7,16.4,15.5,16.2,15.9,15.4,15.6,15.8,16.1,15.3,16.5,16.5,16.1,16.6,16.4,15.2,16.4,15.4,16.4,16.9,16,15.3,15.3,15.6,15.6,15.5,15.6,16.9,15.9,68,56,68,61,71,44,47,69,65,60,70,58,58,74,69,63,65,68,66,57,72,73,65,81,65,68,54,52,64,67,58,65,54,74,71,58,78,68,65,65,0,0,0,0,0,0,0,0,0,0,0,0,0,0,0,0,0,0,0,0,0,0,0,0,0,0,0,0,0,0,0,0,0,0,0,0,0,0,0,0,6.9,8.4,7.3,7.1,6.2,12.2,11.5,9.4,11.8,8.7,8,9.1,8.7,5.4,8,8.2,5.5,6.8,9.7,10.5,7.1,6.2,6,4.3,7.3,8.2,9.3,7.1,9.6,7.8,10.6,8.4,7.7,5.8,4.7,10.3,3.3,7.6,6.4,11.6,,,,,,,,,,,,,,,,,,,,,,,,,,,,,,,,,,,,,,,,,18.6,19.2,18,17.1,18.7,17.2,16.6,15.8,18.5,17.1,18.5,18.6,18.9,18.8,18,18.5,17.6,14.7,19.2,18,19,20,18.1,17.9,16.9,17.4,16.5,17.6,18.4,17.9,16.9,63,57,59,60,53,60,78,74,59,74,60,57,60,58,53,75,57,73,58,63,61,54,53,62,73,59,70,75,62,58,65,0,0,0,0,0,0,0,0,0,0,0,0,0,0,0,0,0,0,0,0,0,0,0,0,0,0,0,0,0,0,0,16.3,8,17.2,10.2,8.4,13.5,24.4,19.3,11.1,25.1,13.8,11.7,10.9,10.5,9.9,19.9,5.5,32.3,12.9,11.8,13.6,4.8,9.7,11.8,18.6,13.6,24,20,8.3,13.6,14.8,15.8,10.1,17.6,12.2,7.6,14,27,20.2,11.5,28.1,14.8,12.6,13.3,10.4,10.8,21.6,6.1,36.7,14.4,12.2,14,7.6,10.4,12.2,20.5,13.3,25.6,21.6,10.1,13.3,14.8,,,,,,22.2204,114.2127
2025-12-27T18:00,16.8,16.1,16.3,17.1,16,15,16,15.7,17,16.1,16.7,17,16.7,15.9,16.5,16.2,15.6,16,16.1,16.4,15.6,16.9,16.8,16.4,17,16.7,15.5,16.7,15.7,16.7,17.2,16.3,15.6,15.6,15.8,15.9,15.7,15.9,17.2,16.2,68,57,68,62,72,43,46,68,65,60,70,58,57,75,68,63,65,68,65,56,73,74,65,81,65,67,54,51,64,66,56,65,54,75,72,58,79,68,65,64,0,0,0,0,0,0,0,0,0,0,0,0,0,0,0,0,0,0,0,0,0,0,0,0,0,0,0,0,0,0,0,0,0,0,0,0,0,0,0,0,6.6,8.6,7.1,7.6,6.5,12,11.5,9.4,11.8,8.8,8,9.1,8.9,5.5,7.7,8.2,5.6,6.4,9.8,10.6,7.1,6,6,4.3,7.4,8.2,9.5,7.1,9.7,7.8,11.1,8.2,7.7,5.5,4.5,10.3,3.4,7.2,6.1,11.8,,,,,,,,,,,,,,,,,,,,,,,,,,,,,,,,,,,,,,,,,18.6,19.3,18.1,17.4,18.7,17.4,16.9,16,18.6,17.3,18.5,18.7,18.9,18.9,18.1,18.6,17.6,15,19.4,18.1,19.2,19.8,18.1,18,17.2,17.5,16.7,17.8,18.2,18,17,64,57,60,60,53,60,79,75,60,75,61,58,61,58,53,76,57,74,59,64,63,56,54,61,72,59,70,75,63,59,64,0,0,0,0,0,0,0,0,0,0,0,0,0,0,0,0,0,0,0,0,0,0,0,0,0,0,0,0,0,0,0,15.9,8.6,17.7,10.8,7.9,12.9,24,19.6,10.5,24.9,14.4,12.6,11.3,10.7,9.4,19.4,6.4,30.8,13,12.8,14.6,5,9.8,10.1,19.1,12.8,23.5,19.5,8.7,14.3,13.5,15.5,10.4,18.7,12.6,6.8,13.3,27.4,21.2,10.8,28.1,15.5,13.3,13,10.8,10.4,21.6,7.2,34.9,14.4,13,15.5,6.1,10.4,10.8,21.6,12.6,25.6,21.2,9.7,14.4,13.7,,,,,,22.2204,114.2127
2025-12-27T19:00,17.1,16.2,16.5,17.3,16.1,15.2,16.1,15.8,17.3,16.2,17,17.1,16.8,16.1,16.7,16.4,15.7,16.2,16.3,16.7,15.8,17.1,17,16.6,17.2,16.9,15.7,16.9,16,16.9,17.3,16.6,15.8,15.8,16,16.2,15.9,16.2,17.4,16.4,68,57,69,62,72,42,45,68,64,59,70,57,56,75,68,63,65,68,64,56,74,74,65,82,64,66,54,51,63,66,55,65,54,76,72,57,80,68,66,64,0,0,0,0,0,0,0,0,0,0,0,0,0,0,0,0,0,0,0,0,0,0,0,0,0,0,0,0,0,0,0,0,0,0,0,0,0,0,0,0,6.9,8.3,7.4,7.9,6.8,12,11.6,9.4,11.6,8.8,7.6,8.9,8.8,5.3,7.6,8,6,6.6,9.8,10.3,7.4,5.9,5.6,4.1,7.4,8,9.2,7.1,9.7,7.8,11.4,8.4,7.9,5.4,4.7,10,3.5,7.1,6.4,11.9,,,,,,,,,,,,,,,,,,,,,,,,,,,,,,,,,,,,,,,,,18.6,19.3,18.3,17.5,18.7,17.5,17.2,16.3,18.7,17.5,18.5,18.8,18.9,18.9,18.1,18.8,17.7,15.4,19.4,18.2,19.4,19.5,18.1,18,17.5,17.6,16.9,17.9,18.1,18.1,17.1,66,58,62,61,54,60,80,75,60,77,62,60,62,59,53,77,57,74,61,65,65,58,55,61,71,59,70,75,64,59,63,0,0,0,0,0,0,0,0,0,0,0,0,0,0,0,0,0,0,0,0,0,0,0,0,0,0,0,0,0,0,0,15.6,9.7,18.4,12.2,6.9,12.5,24,20.3,9.3,25.1,15.5,13.7,11.7,11.3,9.1,19.5,8.5,29.1,13,13.8,15.8,5.8,9.7,8.9,19.7,11.6,23.4,19.4,9.5,15.3,12,15.5,11.2,20.2,13.7,6.8,13,28.1,22.3,9.7,28.4,16.6,14.4,12.6,11.5,10.4,22,9.4,32.8,14.8,14,17.3,5.4,10.8,9,22.7,11.5,25.6,20.9,9.4,15.8,12.6,,,,,,22.2204,114.2127
2025-12-27T20:00,17.3,16.2,16.7,17.4,16.2,15.3,16.2,15.9,17.4,16.3,17.1,17.2,16.9,16.3,16.8,16.5,15.8,16.4,16.4,16.8,16,17.3,17.2,16.8,17.4,17,15.8,17,16.1,17,17.4,16.7,15.9,15.9,16.2,16.4,16,16.3,17.5,16.5,68,58,69,62,73,41,44,68,64,58,70,57,56,76,68,63,65,68,63,56,74,75,65,82,64,65,54,51,63,66,54,65,54,76,73,57,81,68,66,63,0,0,0,0,0,0,0,0,0,0,0,0,0,0,0,0,0,0,0,0,0,0,0,0,0,0,0,0,0,0,0,0,0,0,0,0,0,0,0,0,6.6,8,7.2,7.9,6.9,12,11.6,9,11.6,8.8,7.6,8.9,8.8,5.5,7.6,8,6,6.6,9.8,10.3,7.4,5.9,5.6,4.1,7.4,8,9.2,7.1,9.7,7.8,11.4,8.4,7.9,5.2,4.6,10,3.7,7.1,6.5,11.9,,,,,,,,,,,,,,,,,,,,,,,,,,,,,,,,,,,,,,,,,18.5,19.3,18.4,17.7,18.7,17.6,17.5,16.5,18.8,17.7,18.5,18.8,18.8,18.9,18.2,18.9,17.8,15.6,19.4,18.4,19.5,19.4,18.1,18,17.8,17.7,17,17.9,17.9,18.2,17.1,68,60,64,62,55,61,81,76,61,78,63,62,63,60,54,78,58,74,63,66,68,60,56,61,71,59,70,75,65,60,62,0,0,0,0,0,0,0,0,0,0,0,0,0,0,0,0,0,0,0,0,0,0,0,0,0,0,0,0,0,0,0,15.7,11.2,19.1,13.7,6.8,12.3,24.5,20.5,8.8,25,16.6,15.2,12.4,12,9.6,20.1,10.1,27.3,13.8,15.1,17.3,5.8,10.4,8.1,20.1,10.8,23.7,19.6,10.6,16.2,10.8,15.8,12.2,21.2,15.1,7.2,12.6,28.8,23,9.4,28.4,17.6,15.5,13,12.6,10.8,23.4,11.5,31,15.5,15.5,19.1,5,11.5,8.3,23,10.8,26.3,21.6,9.7,16.9,11.5,,,,,,22.2204,114.2127
2025-12-27T21:00,17.4,16.2,16.8,17.5,16.3,15.3,16.1,16,17.4,16.2,17.1,17.2,16.9,16.3,16.9,16.5,15.8,16.5,16.3,16.9,16,17.3,17.2,16.9,17.4,17,15.8,17,16.1,17,17.4,16.7,15.9,15.9,16.3,16.4,16,16.3,17.6,16.5,68,59,70,62,74,41,44,68,64,57,70,57,56,76,68,63,66,68,62,56,74,76,65,82,64,64,54,51,63,66,53,65,54,76,74,57,82,68,66,62,0,0.1,0,0,0,0,0,0,0,0,0,0,0,0,0,0,0,0,0,0,0,0,0,0,0,0,0,0,0,0,0,0,0,0,0,0,0,0,0,0,6.6,7.7,7.2,7.9,6.9,12,11.6,8.6,11.6,8.8,7.6,8.9,8.8,5.5,7.6,8,6,6.6,9.8,10.3,7.4,5.9,5.6,4.4,7.4,8,9.2,7.1,9.7,7.8,11.4,8.4,7.9,5.2,4.6,10,3.7,7.1,6.5,11.9,,,,,,,,,,,,,,,,,,,,,,,,,,,,,,,,,,,,,,,,,18.5,19.2,18.4,17.9,18.8,17.9,17.8,16.5,18.9,17.9,18.6,18.8,18.8,19,18.4,19,18,16,19.3,18.4,19.4,19.3,18.1,18.2,18.1,17.8,17,17.9,17.8,18.2,17.2,70,63,67,64,56,62,82,76,62,80,65,64,65,62,55,80,60,75,66,68,73,61,58,61,71,59,71,76,67,61,62,0,0,0,0,0,0,0.1,0,0,0,0,0,0,0,0,0,0,0,0,0,0,0,0,0,0,0,0,0,0,0,0,16.9,12.6,19.6,15.3,8,12.2,25.2,20.3,9.4,24.6,17.7,16.3,14.1,13.1,11,22.3,10.8,25.8,15.4,16.6,18.9,3.6,12.3,8.3,19.2,10.7,24.9,20.8,12.4,16.2,10.2,17.6,13.7,22,16.6,8.6,12.6,29.5,22.7,10.1,27.7,19.1,16.9,14.4,14.4,12.2,25.9,13,29.5,17.3,16.9,21.2,5.4,13,8.3,22.3,10.8,27.7,23,11.5,17.3,11.2,,,,,,22.2204,114.2127
2025-12-27T22:00,17.4,16.2,16.8,17.4,16.3,15.3,16,16,17.2,16.1,17.1,17.1,16.8,16.3,16.8,16.4,15.8,16.5,16.2,16.8,16.1,17.3,17.1,17,17.4,16.9,15.7,17,15.9,16.9,17.2,16.5,15.8,15.9,16.3,16.4,15.9,16.2,17.5,16.4,69,60,71,62,74,41,44,68,63,57,70,56,55,77,67,63,66,68,61,56,74,77,65,83,64,64,54,51,62,66,52,64,53,75,74,57,82,68,67,62,0,0.1,0,0,0,0,0,0,0,0,0,0,0,0,0,0,0,0,0,0,0,0,0,0,0,0,0,0,0,0,0,0,0,0,0,0,0,0,0,0,6.4,7.4,7.2,7.6,6.8,11.5,11.3,8.3,11.6,8.8,7.6,8.9,8.8,5.5,7.6,7.6,6.4,6.6,10.1,10,7.6,5.6,5.5,4.4,7.6,8,9.5,7,9.6,7.9,11.3,8.4,7.7,5.4,4.6,10,3.2,7.1,6.5,12.2,,,,,,,,,,,,,,,,,,,,,,,,,,,,,,,,,,,,,,,,,18.5,19.2,18.2,18.1,19,18,18,16.6,19,18,18.6,18.6,18.8,19,18.5,19,18.3,16.3,19.2,18.5,19.2,19.2,18.2,18.4,18.3,17.9,16.9,17.9,17.6,18.1,17.4,72,66,70,66,58,62,82,75,63,81,67,67,67,64,57,82,62,76,71,71,78,61,60,61,72,60,73,77,68,62,62,0,0,0,0,0,0,0.1,0,0,0,0,0,0,0,0,0,0,0,0,0,0,0,0,0,0,0,0,0,0,0,0,18.7,14.4,20.3,17,9.7,12.2,25.6,19.5,10.8,24,19.2,17.4,16.2,15.1,13.2,24.9,11.9,24.7,17.7,18,20.5,2.2,14.4,9,17.9,10.9,26.9,22.8,14.6,16,10.3,20.5,15.5,22.7,18.4,11.2,12.6,30.6,21.6,11.9,27,20.9,18.4,16.6,16.6,14,29.2,14,28.1,20.2,18.7,23.4,6.1,15.1,9.4,20.9,11.5,29.5,25.2,14,16.9,11.2,,,,,,22.2204,114.2127
2025-12-27T23:00,17.3,16,16.7,17.4,16.3,15.1,15.8,16,17,15.9,16.9,16.9,16.7,16.3,16.7,16.3,15.7,16.5,16,16.6,16,17.3,17,17,17.2,16.8,15.5,16.9,15.7,16.7,17,16.3,15.7,15.8,16.3,16.3,15.7,16.1,17.4,16.1,70,61,72,62,75,42,44,67,63,56,70,56,55,77,66,62,67,69,60,57,73,78,66,83,63,63,54,51,62,66,51,63,53,74,74,57,83,67,67,61,0,0.1,0,0,0,0,0,0,0,0,0,0,0,0,0,0,0,0,0,0,0,0,0,0,0,0,0,0,0,0,0,0,0,0,0,0,0,0,0,0,6.4,6.9,7.2,7.4,6.8,11.4,11.2,7.6,11.6,9,7.6,8.8,9,5.6,7.9,7.6,6.3,6.5,10,9.8,7.7,5.4,5.8,4.9,7.6,7.6,9.8,7.3,9.9,8,11.3,8.9,7.9,5.2,4.3,9.8,3,7.1,6.5,12.1,,,,,,,,,,,,,,,,,,,,,,,,,,,,,,,,,,,,,,,,,18.4,19,18.1,18.2,19,18.1,18.2,16.6,19,18,18.6,18.5,18.7,18.9,18.6,19,18.5,16.5,19.1,18.4,19,19.2,18.1,18.4,18.5,18,16.8,17.8,17.5,18.1,17.4,74,69,73,68,60,63,83,75,65,82,69,69,69,67,59,83,64,77,74,73,82,62,63,62,73,61,75,78,70,63,63,0,0,0,0,0,0,0.1,0,0,0,0,0,0,0,0,0,0,0,0,0,0,0,0,0,0,0,0,0,0,0,0,20.3,16.3,21.1,18.6,11.9,12.3,26.4,18.9,12,23.8,19.9,18.2,17.7,17,14.9,27.2,13.8,24,19.4,18.8,22.3,5.3,16.6,10.2,17.6,11.7,28.6,24.5,16.7,16,10.5,22.7,17.3,23.4,20.2,13.3,12.6,31.3,20.9,13,27,22,19.8,18.4,18.4,15.8,31.7,15.1,27.4,22,19.8,25.6,7.6,16.9,10.4,20.2,12.6,31.3,27.4,16.2,16.9,11.5,,,,,,22.2204,114.2127
2025-12-28T00:00,17.2,15.9,16.6,17.2,16.3,14.9,15.5,15.9,16.7,15.7,16.7,16.6,16.5,16.1,16.5,16.1,15.6,16.3,15.7,16.4,15.9,17.2,16.8,16.9,17,16.6,15.3,16.7,15.5,16.5,16.7,16,15.5,15.7,16.2,16.1,15.5,15.8,17.2,15.8,71,62,73,62,75,43,45,67,62,55,69,55,55,77,66,62,69,69,59,58,73,79,66,84,63,63,54,51,61,66,51,63,53,72,75,57,84,67,68,60,0,0.1,0,0,0,0,0,0,0,0,0,0,0,0,0,0,0,0,0,0,0,0,0,0,0,0,0,0,0,0,0,0,0,0,0,0,0,0,0,0,6.4,6.4,7.4,7.2,6.8,11.4,10.8,6.9,11.3,9,7.6,8.8,9,5.5,7.9,7.6,6.6,6.5,10.3,9.8,7.9,5.2,5.8,5.2,7.9,7.6,10.1,7.3,9.8,8.2,11.2,8.9,7.8,5.5,4.2,9.8,2.5,7.4,6.7,12.4,,,,,,,,,,,,,,,,,,,,,,,,,,,,,,,,,,,,,,,,,18.5,18.9,18.1,18.1,19,18.2,18.1,16.5,19,18,18.6,18.5,18.7,18.9,18.5,19,18.5,16.5,19,18.4,19,19.2,18,18.2,18.5,18,16.7,17.8,17.4,18.1,17.5,75,72,75,71,63,64,84,75,67,82,71,71,70,70,62,83,67,78,76,75,83,64,67,64,75,63,76,77,71,65,64,0,0,0,0,0,0,0.1,0,0,0.1,0,0,0,0,0,0,0,0,0,0,0,0,0,0,0,0,0,0,0,0,0,21.4,18.3,22.3,20.9,14.2,12.4,27.7,18.7,12.7,25,19.7,18.7,18.2,18.3,16.8,27.9,15.3,24.9,20.3,18.9,24.5,8.5,18,11.9,18.5,12.9,29.4,25.6,18,16.3,11.6,24.1,19.4,24.5,22.3,15.5,12.6,32.4,20.2,13.7,28.1,22,20.5,19.4,19.4,17.6,32.4,16.6,27.4,22.7,20.2,27.7,9.7,18.7,11.9,21.2,14,32.8,29.2,18,17.3,12.6,,,,,,22.2204,114.2127
2025-12-28T01:00,17,15.7,16.4,17.1,16.2,14.7,15.2,15.8,16.4,15.4,16.4,16.4,16.2,16,16.3,15.9,15.4,16.2,15.3,16.2,15.8,17,16.5,16.8,16.8,16.3,15.1,16.5,15.1,16.2,16.4,15.7,15.2,15.5,16.1,15.9,15.2,15.5,17,15.5,72,63,74,61,76,44,46,67,62,54,69,55,55,77,65,62,70,70,58,58,72,81,66,84,63,62,55,51,61,66,50,62,52,71,75,57,84,67,68,59,0,0.1,0,0,0,0,0,0,0,0,0,0,0,0,0,0,0,0,0,0,0,0,0,0,0,0,0,0,0,0,0,0,0,0,0,0,0,0,0,0,6.4,6.3,7.6,7,6.6,10.8,10.7,6.3,11.3,9.3,7.6,9,9.3,5.9,8,7.6,6.5,6.5,10.6,9.8,8,5,6,6,7.9,7.5,10.3,7.2,10,8,11,9.2,7.6,5.4,4.1,9.7,2.6,7.4,6.6,12.3,,,,,,,,,,,,,,,,,,,,,,,,,,,,,,,,,,,,,,,,,18.5,18.6,18,18,18.9,18.2,17.9,16.4,19,18.1,18.5,18.5,18.6,18.7,18.4,19,18.4,16.4,18.9,18.2,19,19.1,17.9,18,18.5,18,16.6,17.8,17.3,18,17.6,75,76,76,75,67,64,85,75,70,81,73,72,72,73,66,82,70,78,77,77,82,66,71,66,76,65,76,76,72,66,64,0,0,0,0,0,0,0.1,0,0,0.1,0,0,0,0,0,0,0,0,0,0,0,0,0,0,0,0,0,0,0,0,0,22.5,20.4,23.8,23.1,16.7,12.6,29,18.6,12.9,27,19.4,19.8,18.5,19.4,18.3,27.8,16.6,26.1,20.5,18.7,26.9,11.4,19.5,14.4,20.3,14.3,30.2,26.4,19.6,16.5,12.7,25.2,21.2,25.9,24.8,17.6,12.6,33.5,19.8,14,29.9,21.2,21.2,19.8,20.5,19.4,32.4,17.6,28.4,22.7,20.2,29.9,12.6,20.2,13.7,23,15.8,33.8,30.6,19.8,17.3,14.4,,,,,,22.2204,114.2127
2025-12-28T02:00,16.8,15.5,16.2,16.9,16.2,14.4,14.9,15.8,16,15.1,16.1,16,16,15.8,16,15.7,15.3,16,15,15.9,15.7,16.8,16.2,16.7,16.5,16.1,14.8,16.2,14.8,15.9,16,15.3,14.9,15.3,16,15.6,14.9,15.2,16.8,15.1,73,64,76,61,76,45,47,66,62,53,69,55,55,77,64,62,71,70,58,59,71,82,67,84,63,62,55,51,61,66,49,61,52,69,75,57,85,66,68,58,0,0.1,0,0,0,0,0,0,0,0,0,0,0,0,0,0,0,0,0,0,0,0,0,0,0,0,0,0,0,0,0,0,0,0,0,0,0,0,0,0,6.2,6,7.8,7.1,6.7,10.7,10.2,5.8,11.3,9.2,7.6,9,9.1,5.9,8.4,7.6,6.5,6.5,10.6,9.7,8.6,4.9,6,6.3,8.1,7.5,10.6,7.5,10,8.2,10.9,9.5,7.9,5.9,4.3,9.7,2.8,7.6,6.9,12.6,,,,,,,,,,,,,,,,,,,,,,,,,,,,,,,,,,,,,,,,,18.4,18.5,17.9,17.9,18.7,18.1,17.6,16.3,18.9,18,18.5,18.5,18.5,18.5,18.2,18.9,18.3,16.2,18.8,18.1,18.9,19.1,17.8,17.8,18.4,18,16.5,17.8,17.2,18,17.6,76,78,77,77,71,65,85,76,72,80,74,73,73,75,69,81,72,79,78,79,81,68,74,68,78,67,76,76,73,68,65,0,0,0,0,0,0,0.1,0,0,0.1,0,0,0,0,0,0,0,0,0,0,0,0,0,0,0,0,0,0,0,0,0,23.7,21.9,24.7,25.1,19.2,13.6,30,19.1,13.5,29.2,19.1,20.5,19.1,20.8,19.9,28.2,17.4,27.4,20.4,18.9,28.7,13.5,20.7,16.9,22.1,15.7,31.1,27.6,21,17,13.5,26.3,22.7,27,26.6,19.8,13.7,34.2,20.5,14.4,31.7,20.9,22.3,20.5,21.6,21.2,32.8,18.4,29.2,22.7,20.9,31.7,14.4,21.2,15.8,24.8,17.3,35.3,32,21.6,17.6,15.1,,,,,,22.2204,114.2127
2025-12-28T03:00,16.6,15.3,16,16.7,16.1,14.1,14.5,15.7,15.7,14.8,15.8,15.7,15.7,15.6,15.8,15.5,15.1,15.8,14.6,15.7,15.5,16.7,16,16.6,16.3,15.8,14.6,16,14.4,15.6,15.7,14.9,14.6,15.1,15.9,15.4,14.7,14.9,16.5,14.7,74,65,77,61,77,47,48,66,61,53,69,54,55,76,63,61,72,71,57,60,70,83,67,85,63,62,55,51,61,67,49,60,52,67,76,57,85,66,69,57,0,0.1,0,0,0,0,0,0,0,0,0,0,0,0,0,0,0,0,0,0,0,0,0,0,0,0,0,0,0,0,0,0,0,0,0,0,0,0,0,0,6.2,5.9,7.5,7.1,7,10.7,9.8,5.5,11.3,9.5,7.6,8.9,9.1,6.1,8.7,7.3,6.8,6.5,10.9,9.5,8.7,4.8,6.3,6.8,8,7.5,11.3,7.4,9.9,8.5,10.8,9.4,7.8,6.4,4.6,9.7,3.3,7.6,6.9,12.5,,,,,,,,,,,,,,,,,,,,,,,,,,,,,,,,,,,,,,,,,18.2,18.3,17.6,17.8,18.5,18,17.5,16.3,18.9,18,18.3,18.4,18.5,18.2,18.1,18.7,18.2,16,18.6,18,18.7,19,17.6,17.6,18.4,18,16.5,17.7,17.3,18,17.5,78,79,77,78,74,67,85,78,74,80,75,75,75,77,72,81,73,80,78,80,81,69,75,69,79,69,77,77,73,69,65,0,0,0,0,0,0,0,0,0,0,0,0,0,0,0,0,0,0,0,0,0,0,0,0,0,0,0,0,0,0,0,25,22.4,25.4,26,21.3,15.7,30.6,20.7,13.9,30.8,20.1,22.1,20,22.5,21.3,29.8,16.9,28.6,20.3,20.4,29.1,13.9,21.1,19.1,23.7,16.5,32.4,29.1,22.4,17.3,12.2,28.1,23,27.7,28.1,22,16.2,34.6,23,14.4,33.5,21.6,24.1,21.6,23.8,22.7,34.6,17.6,30.2,22.7,22.3,32.4,14.4,22,18,26.6,18,37.1,33.8,23,17.6,13.7,,,,,,22.2204,114.2127
2025-12-28T04:00,16.4,15.1,15.8,16.6,16,13.9,14.2,15.6,15.3,14.6,15.5,15.5,15.4,15.4,15.5,15.3,14.9,15.7,14.3,15.4,15.4,16.5,15.7,16.5,16,15.6,14.3,15.7,14.1,15.3,15.3,14.6,14.4,15,15.9,15.2,14.4,14.6,16.3,14.4,75,66,78,61,77,48,49,66,61,52,68,54,55,76,62,61,73,71,56,60,69,84,68,85,63,62,55,51,60,67,48,59,51,66,76,57,85,65,69,56,0,0.1,0,0,0,0,0,0,0,0,0,0,0,0,0,0,0,0,0,0,0,0,0,0,0,0,0,0,0,0,0,0,0,0,0,0,0,0,0,0,5.9,5.8,7.7,7.2,6.9,10.2,9.7,5.4,11,9.5,7.6,8.9,9.1,6.4,8.7,7.3,6.8,6.5,10.9,9.5,9.2,4.8,6.6,7.3,8.4,7.2,11.5,7.4,10.2,8.7,10.4,9.7,7.7,6.7,4.7,9.6,3.7,7.9,6.6,12.8,,,,,,,,,,,,,,,,,,,,,,,,,,,,,,,,,,,,,,,,,18,18.1,17.4,17.6,18.2,17.9,17.2,16.2,18.8,17.8,18.1,18.1,18.2,17.9,18,18.5,18.1,15.8,18.4,17.8,18.5,18.9,17.5,17.5,18.2,18,16.4,17.5,17.4,17.9,17.4,80,79,76,78,77,69,84,80,75,79,77,76,77,79,74,82,73,81,78,80,81,69,75,70,80,71,78,79,74,70,66,0,0,0,0,0,0,0,0,0,0,0,0,0,0,0,0,0,0,0,0,0,0,0,0,0,0,0,0,0,0,0,26.2,22,25.6,26.1,22.8,18.8,31.1,23.1,14.2,32.1,21.1,23.6,21.5,24.6,22.7,31.4,15.8,29.6,20.2,22.7,28.8,13.5,21.5,21.3,25.1,17,33.8,30.7,23.2,17.3,10.7,29.9,23,28.4,28.8,24.1,19.4,34.9,26.6,14.8,35.6,22.7,26.3,23,25.9,24.1,37.1,16.6,31.3,22.7,24.5,32.4,13.3,22.3,20.2,28.4,18.4,39.2,36,24.5,17.6,11.2,,,,,,22.2204,114.2127
2025-12-28T05:00,16.3,15,15.6,16.4,15.9,13.7,13.9,15.6,15,14.3,15.2,15.2,15.2,15.3,15.3,15.1,14.8,15.5,14,15.2,15.2,16.3,15.4,16.4,15.8,15.4,14.1,15.5,13.8,15.1,15,14.3,14.1,14.8,15.8,15,14.2,14.3,16.1,14.1,76,67,80,61,77,50,50,65,61,52,68,54,55,76,62,61,74,72,55,61,68,85,68,85,63,61,56,51,60,67,48,59,51,64,76,57,85,65,70,56,0,0.1,0,0,0,0,0,0,0,0,0,0,0,0,0,0,0,0,0,0,0,0,0,0,0,0,0,0,0,0,0,0,0,0,0,0,0,0,0,0,5.7,5.8,7.7,7.4,7.3,9.8,9.3,5.1,11,9.5,7.6,8.8,9.1,6.7,8.9,7.3,6.9,6.2,11.2,9,9.5,5.1,6.6,7.6,8.4,7.2,11.5,7.8,10.2,9,10.3,10,7.6,7.3,4.8,9.6,4.3,7.8,6.9,12.8,,,,,,,,,,,,,,,,,,,,,,,,,,,,,,,,,,,,,,,,,17.8,18,17.2,17.5,18,17.7,17.1,16.2,18.6,17.6,17.9,18,18.1,17.6,17.8,18.3,18,15.6,18.1,17.5,18.3,18.7,17.4,17.4,18.1,17.9,16.4,17.5,17.3,17.8,17.2,81,79,75,77,78,70,83,81,76,79,77,77,78,80,75,82,72,82,77,80,81,68,74,70,81,73,79,80,74,70,66,0,0,0,0,0,0,0,0,0,0,0,0,0,0,0,0,0,0,0,0,0,0,0,0,0,0,0,0,0,0,0,27.2,21.5,25.8,25.8,23.7,21,31.5,24.4,14.7,32.8,21.8,23.8,22.4,25.7,23.7,32.7,14.8,30.5,19.6,24.4,28.4,13.6,21.2,23.1,26.1,17.4,34.5,31.6,24,17.7,10.2,31,22.3,28.8,29.2,25.2,22,35.3,28.4,14.8,36.7,23.4,27,24.1,27.4,25.2,38.5,15.1,32,22,26.3,32.4,12.6,22,22.3,29.9,18.7,40.3,37.1,25.6,17.6,10.1,,,,,,22.2204,114.2127
2025-12-28T06:00,16.2,14.9,15.5,16.3,15.9,13.5,13.7,15.5,14.8,14.2,15,15,15,15.2,15.2,15,14.7,15.4,13.7,15,15.1,16.2,15.3,16.3,15.6,15.2,14,15.4,13.6,14.9,14.8,14.1,14,14.7,15.7,14.8,14,14.1,15.9,13.8,77,68,81,60,78,51,51,65,61,51,68,54,55,76,61,61,75,72,55,62,67,86,68,85,63,61,56,51,60,67,48,58,51,63,76,57,85,65,70,55,0,0.1,0,0,0,0,0,0,0,0,0,0,0,0,0,0,0,0,0,0,0,0,0,0,0,0,0,0,0,0,0,0,0,0,0,0,0,0,0,0,5.7,5.8,7.9,7.6,7.2,9.8,8.9,5.5,10.8,9.4,7.6,8.8,9.1,6.8,8.9,7,7.3,6.2,10.9,9,9.7,5.2,6.6,7.9,8.3,6.8,11.8,7.7,10.1,9,10,10,7.6,7.6,5,9.2,4.9,7.8,7,12.7,,,,,,,,,,,,,,,,,,,,,,,,,,,,,,,,,,,,,,,,,17.8,17.9,17.1,17.5,17.8,17.6,17.3,16.2,18.5,17.5,17.6,17.9,18,17.5,17.6,18.2,18,15.4,18,17.5,18.3,18.5,17.2,17.1,18.1,17.9,16.3,17.5,17.2,17.6,17.1,80,79,74,76,78,70,83,81,78,79,77,76,78,80,75,82,71,82,75,79,81,66,74,70,81,74,79,80,75,70,67,0,0,0,0,0,0,0.1,0,0,0,0,0,0,0,0,0,0,0,0,0,0,0,0,0,0,0,0,0,0,0,0,27.7,20.6,25.1,25.2,23.4,21.5,31.6,23,15.5,32.9,21.2,22.1,23.4,25.4,24,32.8,13.9,31.3,18.9,25.2,28,14.1,20.6,24.2,26.5,17.7,34.6,31.8,24.6,18.1,11.8,31.3,20.9,28.4,28.4,24.8,23,35.6,26.6,15.1,37.1,23,25.2,25.2,27.7,25.6,38.9,14,32.4,20.5,27.4,32,13.3,21.2,24.1,30.6,19.1,40.3,37.1,26.6,18,11.9,,,,,,22.2204,114.2127
2025-12-28T07:00,16.1,14.8,15.4,16.2,15.9,13.4,13.5,15.5,14.6,14,14.9,14.9,14.8,15.1,15.1,14.9,14.6,15.3,13.5,15,15.1,16.2,15.1,16.3,15.5,15.1,13.9,15.3,13.5,14.8,14.6,13.9,13.8,14.6,15.7,14.8,14,14,15.8,13.7,78,68,81,60,78,52,52,65,61,51,68,54,56,76,61,61,76,73,55,62,67,87,69,85,63,62,56,51,61,67,48,58,51,62,77,57,85,65,71,55,0,0.1,0,0,0,0,0,0,0,0,0,0,0,0,0,0,0,0,0,0,0,0,0,0,0,0,0,0,0,0,0,0,0,0,0,0,0,0,0,0,5.4,5.8,7.4,7.8,7.4,9.4,8.6,5.6,10.5,9.4,7.2,8.8,9.3,6.8,9,7.1,7.3,6.1,10.9,8.9,9.9,5,6.6,8.2,8.3,6.8,11.8,7.7,9.8,9,9.9,10,7.6,7.9,5,9.2,5.2,7.6,7,12.7,,,,,,,,,,,,,,,,,,,,,,,,,,,,,,,,,,,,,,,,,17.8,17.8,17,17.5,17.6,17.7,17.6,16.3,18.4,17.4,17.4,17.8,17.9,17.5,17.4,18.1,18,15.4,17.8,17.4,18.4,18.3,17.1,17,18.1,17.8,16.2,17.6,17,17.6,17,79,78,73,75,76,70,82,81,80,79,76,75,77,79,75,81,69,82,73,77,81,62,73,69,81,75,79,80,75,69,68,0,0,0,0,0,0,0.1,0,0,0,0,0,0,0,0,0,0,0,0,0,0,0,0,0,0,0,0,0,0,0,0,27.6,19,24,24.5,21.9,22,31.4,20.5,16.3,32.7,20.2,19.6,24.1,24.5,24,32.9,12.7,31.7,17.6,25.7,27.3,14.7,19.6,24.6,27.1,18,34.1,31.5,25.1,18.3,14.4,31,19.1,27.4,27.4,24.1,23,35.6,23.4,15.8,36.7,22,22,25.9,27,25.2,38.5,13,32.8,19.1,27.7,32,14,19.8,25.6,30.6,19.4,39.2,36.7,27.4,18.4,14.8,,,,,,22.2204,114.2127
2025-12-28T08:00,16.2,14.8,15.4,16.2,15.9,13.4,13.5,15.6,14.6,14,14.9,14.8,14.8,15.1,15.1,14.9,14.6,15.3,13.5,15,15.1,16.2,15.1,16.3,15.4,15.1,13.9,15.3,13.4,14.8,14.5,13.9,13.8,14.6,15.7,14.8,14,14,15.8,13.6,78,69,82,60,78,53,53,65,61,51,68,54,56,76,61,61,76,73,55,63,66,87,69,85,63,62,57,51,61,67,49,58,51,62,77,57,85,65,71,55,0,0.1,0,0,0,0,0,0,0,0,0,0,0,0,0,0,0,0,0,0,0,0,0,0,0,0,0,0,0,0,0,0,0,0,0,0,0,0,0,0,5.4,5.8,7.4,8.1,7.7,9.1,8.2,5.5,10.1,9.4,7.2,8.8,9,6.8,8.7,6.8,7.3,6.1,10.5,8.6,10.2,5,6.3,8.2,8.3,6.5,11.8,7.7,9.8,9,9.5,10,7.2,7.9,5,8.9,5.2,7.6,7,12.3,,,,,,,,,,,,,,,,,,,,,,,,,,,,,,,,,,,,,,,,,17.8,17.8,17,17.5,17.6,17.7,17.8,16.4,18.2,17.4,17.2,17.8,17.8,17.5,17.3,18,18,15.4,17.8,17.3,18.5,18.2,17.1,16.9,18.1,17.8,16.2,17.8,16.9,17.5,17,77,76,71,74,74,70,82,80,80,78,74,73,76,78,74,80,67,81,70,76,81,59,72,69,81,75,78,79,75,68,69,0,0,0,0,0,0,0.1,0,0,0,0,0,0,0,0,0,0,0,0,0,0,0,0,0,0,0,0,0,0,0,0,27.2,17.4,22.9,23.9,21,21.6,31.8,19,16.2,31.3,18.8,17.6,24.8,23.3,23.2,32.2,12,32.1,16.5,25.7,27.3,15,18.4,24.9,27,17.7,32.8,31.1,25.1,18.1,16.9,30.2,16.9,26.3,26.3,22.7,22.7,36,21.6,15.8,35.3,20.5,19.1,26.3,25.9,24.5,37.4,11.9,33.1,17.3,28.1,31.7,14.8,18.4,26.6,30.6,19.1,37.4,35.6,27.7,18.4,17.3,,,,,,22.2204,114.2127
2025-12-28T09:00,16.3,14.9,15.5,16.3,15.9,13.5,13.5,15.7,14.7,14.1,15,14.9,14.8,15.2,15.2,15,14.6,15.3,13.5,15.1,15.1,16.3,15.1,16.3,15.5,15.2,14,15.3,13.5,14.9,14.6,14,13.9,14.7,15.8,15,14.1,14.1,15.9,13.7,78,69,82,60,78,54,54,65,61,51,68,54,57,76,61,61,76,73,55,63,65,87,69,85,63,63,58,51,62,67,50,58,51,62,77,57,84,65,71,55,0,0.1,0,0,0,0,0,0,0,0,0,0,0,0,0,0,0,0,0,0,0,0,0,0,0,0,0,0,0,0,0,0,0,0,0,0,0,0,0,0,5.1,5.4,7.2,8.1,7.7,8.7,7.9,5.5,9.5,9.1,7.2,8.8,8.9,6.5,8.5,6.4,7.3,5.9,10.2,8.2,10.2,4.7,5.9,8,8.3,6.2,11.5,7.7,9.4,8.6,9.2,10,6.9,7.6,4.7,8.6,4.9,7.6,7,12,,,,,,,,,,,,,,,,,,,,,,,,,,,,,,,,,,,,,,,,,17.9,18,17.2,17.6,17.8,17.8,17.8,16.6,18.3,17.5,17.5,18,17.8,17.7,17.4,18,18.1,15.5,18,17.3,18.7,18.5,17.4,17,18.1,17.9,16.4,17.9,17,17.7,17.4,76,73,69,74,72,69,82,80,78,76,70,70,75,76,72,79,65,80,67,75,81,57,70,70,80,73,75,78,74,67,69,0,0,0,0,0,0,0,0,0,0,0,0,0,0,0,0,0,0,0,0,0,0,0,0,0,0,0,0.1,0,0,0,26.1,15.3,22.4,23.7,20.1,21.4,33.1,19.8,15.3,28.3,17.1,15.9,24.7,22.3,21.8,30.8,11.8,32.6,15.8,25.8,27.9,14.7,16.2,25.7,26.7,17.5,30.5,30.3,24.8,17.7,17.7,29.2,14.8,25.2,25.6,21.6,22.3,37.1,22.7,15.5,31.7,18.4,16.9,26.3,24.5,22.7,35.6,11.2,34.2,15.8,28.4,32,14.4,16.2,27.7,30.2,18.4,34.2,34.6,27.4,17.6,18,,,,,,22.2204,114.2127
2025-12-28T10:00,16.5,15,15.6,16.4,16,13.6,13.6,15.8,14.8,14.3,15.1,15,14.9,15.4,15.3,15.2,14.6,15.4,13.6,15.3,15.2,16.4,15.2,16.4,15.6,15.3,14.1,15.5,13.7,15.2,14.7,14.2,14.1,14.8,15.9,15.2,14.3,14.4,16,13.9,78,69,82,60,78,54,55,65,62,52,68,55,57,76,62,62,75,73,56,64,65,86,69,84,63,63,58,51,62,67,51,59,52,63,78,57,83,66,72,56,0,0.1,0,0,0,0,0,0,0,0,0,0,0,0,0,0,0,0,0,0,0,0,0,0,0,0,0,0,0,0,0,0,0,0,0,0,0,0,0,0,4.8,5.1,6.5,8.2,7.4,8.4,7.6,5.5,9.1,8.7,6.8,8.4,8.7,6.4,8.1,6.3,7.3,6.1,9.2,7.8,10.5,4.4,5.4,7.9,8,6,11.2,7.3,9.1,8.7,8.8,9.7,6.6,7.5,4.5,8.4,4.6,7.2,6.7,11.6,,,,,,,,,,,,,,,,,,,,,,,,,,,,,,,,,,,,,,,,,18,18.3,17.4,17.8,18,18,17.7,17,18.5,17.6,18,18.2,18,18,17.5,18,18.4,15.6,18.4,17.3,19,18.8,17.6,17.1,18,18,16.5,17.9,17.2,17.9,17.9,74,69,66,73,69,68,82,79,76,74,65,67,74,74,70,78,62,79,64,75,80,55,67,72,80,71,72,77,72,65,68,0,0,0,0,0,0,0,0,0,0,0,0,0,0,0,0,0,0,0,0,0,0,0,0,0,0,0,0.1,0,0,0,24.9,12.7,22,23.6,19.1,20.8,34.6,21.9,14.4,24.1,14.7,14.1,24.2,21.5,19.7,28.6,11.6,33.2,15.1,26.1,28.3,13.5,13.7,26.8,26.3,17.1,27.5,29.4,24.4,16.6,17.9,27.4,13,24.1,25.2,19.8,21.6,38.5,25.2,14.4,27,15.5,14.8,25.9,22.3,20.2,33.1,10.8,34.9,14.8,28.4,32.4,13.7,14,28.4,29.5,17.3,30.2,33.1,26.3,16.2,18.4,,,,,,22.2204,114.2127
2025-12-28T11:00,16.8,15.2,15.8,16.6,16.1,13.8,13.8,16,15.1,14.5,15.4,15.3,15,15.5,15.5,15.5,14.7,15.6,13.9,15.6,15.3,16.6,15.4,16.5,15.8,15.5,14.4,15.7,13.9,15.4,14.9,14.4,14.3,15,16,15.5,14.6,14.7,16.2,14.2,78,69,82,60,78,55,55,65,63,53,69,56,58,77,63,62,75,74,57,64,64,85,69,84,64,64,59,51,64,67,53,59,52,64,78,57,82,66,72,57,0,0.1,0,0,0,0,0,0,0,0,0,0,0,0,0,0,0,0,0,0,0,0,0,0,0,0,0,0,0,0,0,0,0,0,0,0,0,0,0,0,4.6,4.7,6.3,8,7.4,7.7,7,5.3,8.5,8.4,6.5,8,8.4,6.4,7.7,6.2,7.3,6.1,8.7,7.4,10.5,4.1,4.8,7.6,7.6,5.5,10.6,7.4,8.8,8,8.2,9.4,5.9,7.2,4.2,7.9,4,6.8,6.6,11,,,,,,,,,,,,,,,,,,,,,,,,,,,,,,,,,,,,,,,,,18.2,18.6,17.6,17.9,18.2,18,17.6,17.1,18.6,17.8,18.3,18.5,18,18.2,17.6,18,18.5,15.8,18.6,17.3,19.2,19.1,17.8,17.3,18,18.1,16.8,18,17.5,18.1,18.1,73,66,63,73,66,67,81,79,72,72,61,64,73,72,67,77,59,78,62,74,80,53,64,74,79,68,69,76,71,63,67,0,0,0,0,0,0,0,0,0,0,0,0,0,0,0,0,0,0,0,0,0,0,0,0,0,0,0,0.1,0,0,0,23.3,10.7,21.4,23.1,17.9,19.8,34.8,23.2,13.2,20.9,12.4,12.1,23.5,20.3,17.8,26.9,11.2,32.7,14,25.6,28.9,12.5,10.9,27.2,25.8,16.4,24.5,28.6,23.5,15.4,18.1,25.2,11.2,23,24.5,18.4,20.5,38.2,26.6,13.3,23.4,13,13,24.8,20.5,18,31,10.4,34.9,13.7,27.7,32.4,12.6,11.9,28.8,29.2,15.8,27,31.7,24.8,14.4,18.4,,,,,,22.2204,114.2127
2025-12-28T12:00,17.1,15.4,16,16.8,16.1,14.1,14,16.2,15.4,14.8,15.7,15.5,15.2,15.8,15.8,15.7,14.8,15.7,14.1,16,15.5,16.8,15.6,16.6,16,15.7,14.7,16,14.3,15.8,15.2,14.8,14.5,15.2,16.2,15.9,15,15,16.5,14.5,78,69,82,60,77,55,56,65,64,54,69,57,60,77,63,63,74,74,59,65,64,84,69,83,64,66,60,51,65,66,55,60,53,65,78,57,81,67,72,58,0,0.1,0,0,0,0,0,0,0,0,0,0,0,0,0,0,0,0,0,0,0,0,0,0,0,0,0,0,0,0,0,0,0,0,0,0,0,0,0,0,4.6,4.4,5.5,8.2,7.2,7.4,6.4,5,7.9,8.1,6.5,8,8.2,5.9,7.1,5.9,7.3,5.9,7.8,7.1,10.5,3.8,4.4,7.1,7.3,5.2,10,7.1,8.2,7.6,7.9,9,5.7,6.4,3.8,7.5,3.1,6.4,6.4,10.4,,,,,,,,,,,,,,,,,,,,,,,,,,,,,,,,,,,,,,,,,18.4,19,17.9,18.1,18.5,18.1,17.6,17,19,18,18.6,19.1,18.1,18.4,17.9,18.1,18.8,16,18.9,17.2,19.3,19.5,17.8,17.3,18.1,18.2,17,18,17.7,18.4,18.2,72,63,61,72,64,66,80,79,67,70,59,61,72,70,64,76,56,77,61,73,80,51,62,75,79,66,66,76,70,61,67,0,0,0,0,0,0,0,0,0,0,0,0,0,0,0,0,0,0,0,0,0,0,0,0,0,0,0,0,0,0,0,21.3,9.4,20,21.7,16.1,18,31.6,23.1,10.4,19.5,10.2,9.9,22.2,19,16,25.6,10.5,30.7,12.4,24.3,28.7,11.3,7.9,27.2,25.6,13.8,22.4,27.6,22.3,13.1,18.7,22.3,10.1,21.6,22.7,16.2,18.4,34.6,25.9,11.9,21.2,11.2,11.5,23,19.1,16.2,29.2,10.1,33.1,12.6,26.3,31.7,11.9,10.1,28.4,29.2,13.7,24.5,30.6,22.7,12.2,18.7,,,,,,22.2204,114.2127
2025-12-28T13:00,17.4,15.7,16.3,17,16.2,14.4,14.3,16.4,15.7,15.2,16.1,15.8,15.4,16,16.1,16.1,15,15.9,14.4,16.3,15.7,17,15.8,16.7,16.2,16,15,16.3,14.6,16.2,15.5,15.2,14.8,15.4,16.4,16.3,15.4,15.4,16.7,14.9,77,69,82,60,77,56,57,65,65,55,69,58,61,77,64,63,73,74,60,65,63,83,69,82,64,67,61,50,66,66,58,61,53,66,78,57,79,67,73,60,0,0.1,0,0,0,0,0,0,0,0,0,0,0,0,0,0,0,0,0,0,0,0,0,0,0,0,0,0,0,0,0,0,0,0,0,0,0,0,0,0,4.4,4.1,5.2,8.1,6.8,6.8,6.3,4.9,7.4,7.8,6.1,7.8,8.4,5.7,7,5.6,7.3,6,7.1,6.8,10.5,3.4,4.1,6.9,7.1,4.8,9.5,7.1,7.6,7,7.3,8.7,5.2,6.1,3.8,7.1,2.6,6,6.4,9.8,,,,,,,,,,,,,,,,,,,,,,,,,,,,,,,,,,,,,,,,,18.6,19.4,18.1,18.3,18.8,18.2,17.6,16.8,19.5,18.3,18.9,19.6,18.2,18.4,18,18.4,19,16.2,19.1,17.2,19.2,20,17.8,17.2,18.2,18.3,17.4,18.1,18,18.7,18.2,70,61,58,70,61,65,78,78,62,67,57,57,71,68,61,75,54,76,60,72,79,48,60,76,78,63,64,75,69,59,67,0,0,0,0,0,0,0,0,0,0,0,0,0,0,0,0,0,0,0,0,0,0,0,0,0,0,0,0,0,0,0,18.8,8.5,18.4,20,13.9,15.5,26.6,22.4,6.3,19.2,8.9,7.6,20.7,17.8,13.9,24.1,10,28,11.1,22.4,28.1,9.7,5,26.7,25.5,10.7,20.8,26.4,20.4,10.6,18.9,19.1,9.7,19.8,20.9,14,15.5,29.2,24.5,10.1,20.2,9.4,10.1,20.9,18,14.4,27.7,10.1,29.9,11.5,24.1,30.6,10.8,8.6,27.7,29.2,10.8,22.7,29.2,20.2,10.1,18.7,,,,,,22.2204,114.2127
2025-12-28T14:00,17.8,15.9,16.5,17.2,16.4,14.7,14.5,16.6,16.1,15.5,16.4,16.2,15.6,16.3,16.4,16.4,15.1,16.1,14.7,16.8,15.8,17.3,16,16.8,16.5,16.3,15.4,16.6,15,16.6,15.9,15.6,15.2,15.6,16.5,16.7,15.9,15.9,17,15.3,77,69,81,60,77,56,58,65,66,56,70,59,62,77,66,64,72,74,62,66,63,82,69,82,64,68,62,50,68,66,60,62,54,68,79,57,78,68,73,61,0,0.1,0,0,0,0,0,0,0,0,0,0,0,0,0,0,0,0,0,0,0,0,0,0,0,0,0,0,0,0,0,0,0,0,0,0,0,0,0,0,4,3.7,5.1,8,6.6,6.3,5.9,5.1,7,7.2,5.8,7.4,8.4,5.6,6.8,5.4,7.3,6.1,6.4,6.3,10.4,3.4,3.7,6.5,6.8,4.6,9.1,6.8,7.1,6.8,6.6,8.4,4.9,6,3.7,7.1,2.2,5.6,6.4,9.2,,,,,,,,,,,,,,,,,,,,,,,,,,,,,,,,,,,,,,,,,18.7,19.6,18.2,18.5,18.9,18.2,17.6,16.6,19.8,18.5,19,20.1,18.2,18.5,18.2,18.5,19.2,16.5,19.2,17.1,19.1,20.1,17.8,17.2,18.3,18.4,17.6,18.2,18.2,18.9,18.2,69,59,57,69,60,65,77,78,58,66,56,55,70,67,59,74,52,75,60,71,79,47,59,76,78,62,63,75,68,57,68,0,0,0,0,0,0,0,0,0,0,0,0,0,0,0,0,0,0,0,0,0,0,0,0,0,0,0,0,0,0,0,16.8,7.6,17.7,18.9,12.7,14.2,22.4,21.4,2.9,18.9,7.9,6.1,19.7,17.3,12.6,23.3,9.4,25.6,10.8,20.9,27.4,7.4,2.9,26.3,25.4,9.3,19.7,25.3,18.7,8.1,19.5,16.6,9,18.7,19.4,12.6,13.7,24.8,23,9,19.4,7.9,9,19.4,17.3,13,26.3,10.1,27,10.8,22,29.5,9.7,7.2,27,28.8,9.4,21.2,28.1,18,8.3,19.1,,,,,,22.2204,114.2127
2025-12-28T15:00,18.1,16.2,16.7,17.4,16.5,15.1,14.8,16.9,16.5,15.9,16.8,16.5,15.8,16.6,16.7,16.7,15.2,16.3,15.1,17.2,16,17.5,16.3,16.9,16.7,16.6,15.7,16.8,15.4,17,16.2,16,15.5,15.9,16.7,17.2,16.3,16.3,17.3,15.7,76,69,81,59,76,57,59,65,67,57,70,60,63,78,67,64,71,74,63,66,62,81,69,81,65,69,63,50,69,65,63,63,55,69,79,57,76,69,73,63,0,0.1,0,0,0,0,0,0,0,0,0,0,0,0,0,0,0,0,0,0,0,0,0,0,0,0,0,0,0,0,0,0,0,0,0,0,0,0,0,0,4.2,3.8,4.7,8.2,6.4,6.3,5.6,5.1,6.8,7,5.4,7.1,8.3,5.7,6.8,5.5,7.2,6,6.2,6,10.4,3.6,3.8,6.5,6.3,4.5,8.2,6.8,6.6,6.3,6.1,7.6,4.6,5.5,3.8,7,2.6,5.2,6.2,8.7,,,,,,,,,,,,,,,,,,,,,,,,,,,,,,,,,,,,,,,,,18.8,19.7,18.4,18.5,19,18.4,17.8,16.6,19.9,18.6,19,20.4,18.2,18.5,18.3,18.7,19.3,16.8,19.3,17.2,19.1,20,17.9,17.2,18.4,18.5,17.7,18.3,18.4,19,18.2,68,58,57,69,59,65,76,77,57,66,56,54,70,66,58,74,51,74,60,70,79,47,58,75,78,62,64,74,67,56,69,0,0,0,0,0,0,0,0,0,0,0,0,0,0,0,0,0,0,0,0,0,0,0,0,0,0,0,0,0,0,0,15.8,5.8,18.2,19.1,12.4,14.7,20.1,20.1,2.9,18.3,6.1,5.1,20,17.7,10.2,22.7,8.9,23.3,10.9,19.5,26.7,3.5,2.1,25.2,24.4,10.1,19.1,23.8,16.7,6.2,19.6,15.8,7.6,19.1,19.8,12.6,14.4,22.7,22,9,19.1,6.5,7.9,19.4,17.3,11.5,25.2,9.7,24.5,11.2,20.5,28.8,8.3,6.5,25.9,27.7,10.1,20.5,27,15.8,7.2,19.4,,,,,,22.2204,114.2127
2025-12-28T16:00,18.4,16.4,17,17.6,16.5,15.4,15.1,17.1,16.9,16.2,17.2,16.8,16,16.8,17,17.1,15.3,16.5,15.4,17.5,16.2,17.8,16.5,17.1,17,16.8,16.1,17.1,15.8,17.4,16.5,16.4,15.8,16.1,16.9,17.6,16.7,16.7,17.5,16,76,68,81,59,76,57,60,65,68,58,70,61,64,78,68,65,70,74,65,66,62,79,69,80,65,71,64,50,70,65,65,64,55,70,79,57,75,70,74,64,0,0.1,0,0,0,0,0,0,0,0,0,0,0,0,0,0,0,0,0,0,0,0,0,0,0,0,0,0,0,0,0,0,0,0,0,0,0,0,0,0,4.1,3.9,4.8,8.1,6.2,5.9,5.6,5,6.4,6.3,5.1,6.8,8.6,5.9,7.3,5.5,7.2,6.2,6.3,5.6,10.4,3.6,4,6.2,6,4.3,7.7,6.6,6.5,5.8,6,7.2,4.7,5.6,4,7.1,3.1,4.8,6.3,8,,,,,,,,,,,,,,,,,,,,,,,,,,,,,,,,,,,,,,,,,18.8,19.7,18.4,18.6,18.9,18.4,18,16.7,19.9,18.5,18.9,20.4,18.2,18.5,18.3,18.9,19.3,17.1,19.4,17.5,19.1,19.8,17.9,17.2,18.3,18.6,17.7,18.5,18.6,18.9,18.3,67,57,58,69,60,65,76,77,59,68,56,53,70,66,57,73,50,73,60,70,79,49,57,74,78,64,66,73,66,57,71,0,0,0,0,0,0,0,0,0,0,0,0,0,0,0,0,0,0,0,0,0,0,0,0,0,0,0,0,0,0,0,15.5,4.7,19.6,19.6,12.6,16.1,19.2,18.4,5.4,17.9,4.6,4.2,20.8,18.1,8.1,22.4,8.7,20.8,11.5,18.3,25.4,3,3,24.2,23.4,11.5,19.5,22.7,14.7,5.4,20.2,15.5,6.1,20.2,20.5,13,16.2,22,20.9,9.4,19.4,5.4,7.2,20.5,18,9.7,24.8,9.7,22,11.9,19.1,28.8,6.5,5.8,24.8,26.3,11.9,20.2,25.9,13.7,6.8,20.2,,,,,,22.2204,114.2127
2025-12-28T17:00,18.7,16.7,17.2,17.8,16.6,15.6,15.3,17.3,17.2,16.5,17.5,17.1,16.2,17,17.3,17.4,15.5,16.7,15.7,17.9,16.3,18,16.7,17.2,17.2,17.1,16.4,17.4,16.1,17.8,16.8,16.8,16.1,16.3,17,17.9,17,17.1,17.8,16.4,75,68,80,60,76,58,61,66,69,59,71,62,66,78,69,66,69,74,66,67,62,78,69,79,66,72,64,50,71,65,67,66,56,72,80,57,73,71,74,66,0,0.1,0,0,0,0,0,0,0,0,0,0,0,0,0,0,0,0,0,0,0,0,0,0,0,0,0,0,0,0,0,0,0,0,0,0,0,0,0,0,4,4.3,4.7,8.2,6,5.9,5.7,5.2,6.6,6.1,5.1,6.8,8.4,6.2,7.6,5.7,6.8,6.4,6.6,5.3,10.4,4.1,4.4,6,5.8,4.5,7.4,6.3,6.1,5.9,5.4,6.9,4.8,5.4,4.3,7.1,4.1,4.5,6.1,7.4,,,,,,,,,,,,,,,,,,,,,,,,,,,,,,,,,,,,,,,,,18.8,19.6,18.4,18.6,18.9,18.5,18.1,16.9,19.8,18.5,18.8,20.4,18.1,18.6,18.3,18.9,19.2,17.4,19.4,17.5,19.1,19.5,18,17.2,18.3,18.7,17.7,18.5,18.7,18.8,18.3,67,57,59,70,60,65,76,76,60,69,56,53,71,66,56,74,50,73,61,69,80,50,57,73,78,65,68,72,66,57,72,0,0,0,0,0,0,0,0,0,0,0,0,0,0,0,0,0,0,0,0,0,0,0,0,0,0,0,0,0,0,0,15.5,4.8,21,20.2,13,17.1,18.8,17.4,7.6,17.7,4.1,3.4,21.4,18.1,5.9,22.2,8.9,18.7,12.1,17,25.2,6.2,4,23.1,22.5,13,19.8,21.7,13.1,5.6,20.4,15.8,4.7,21.2,21.6,13.7,17.3,21.2,20.2,9.7,19.8,4.7,6.5,21.2,18,8.6,24.5,9.7,19.8,12.6,17.6,28.8,5.4,5.4,23.8,25.6,13.3,20.2,25.2,12.6,6.5,20.9,,,,,,22.2204,114.2127
2025-12-28T18:00,19,16.9,17.4,17.9,16.7,15.9,15.5,17.4,17.5,16.8,17.7,17.3,16.3,17.2,17.5,17.7,15.6,16.8,15.9,18.2,16.4,18.2,16.9,17.2,17.4,17.3,16.6,17.6,16.4,18.2,17.1,17.1,16.3,16.5,17.2,18.2,17.3,17.4,18,16.7,75,68,80,60,76,58,62,66,70,60,71,63,67,78,70,66,68,75,67,67,62,77,69,79,66,73,65,50,73,65,69,66,57,73,80,57,72,71,74,67,0,0.1,0,0,0,0,0,0,0,0,0,0,0,0,0,0,0,0,0,0,0,0,0,0,0,0,0,0,0,0,0,0,0,0,0,0,0,0,0,0,4.3,4.9,4.8,8.2,5.9,5.6,5.6,5.4,6.5,5.8,4.7,6.5,8.7,6.5,7.9,5.9,6.8,6.6,7.2,4.8,10,4.3,4.9,6.2,5.7,4.7,6.9,6.4,6.1,5.6,5.4,6.6,4.9,5.8,4.4,7,4.6,4,6.1,7.4,,,,,,,,,,,,,,,,,,,,,,,,,,,,,,,,,,,,,,,,,18.7,19.5,18.2,18.8,18.9,18.5,18.2,17.1,19.8,18.6,18.8,20.4,18,18.6,18.5,19,19.2,17.5,19.4,17.6,19.1,19.4,18,17.2,18.4,18.9,17.7,18.8,18.8,18.7,18.3,68,57,61,72,60,65,77,76,61,70,57,54,72,66,55,76,51,73,62,68,81,51,56,72,78,66,70,72,66,58,73,0,0,0,0,0,0,0,0,0,0,0,0,0,0,0,0,0,0,0,0,0,0,0,0,0,0,0,0,0,0,0,15.8,4.9,21.7,20.3,13.7,16.5,18.6,17,8.2,18.1,4.4,1.8,21.4,17,4.5,22.1,9.3,16.9,12.4,15.4,25.4,7.4,4.2,22,22.8,13.7,20.2,21.3,12.7,6.1,20.8,16.2,4,22.7,22,14,16.9,20.9,19.8,9.4,20.5,4.7,6.1,21.2,17.3,7.6,24.8,10.8,18,13,15.8,29.5,5.4,5.4,23.4,25.9,14,20.5,25.2,12.2,6.1,21.6,,,,,,22.2204,114.2127
2025-12-28T19:00,19.2,17.1,17.5,18,16.7,16,15.7,17.5,17.7,16.9,17.9,17.5,16.4,17.4,17.7,17.9,15.6,16.9,16.1,18.4,16.5,18.3,17,17.3,17.5,17.5,16.8,17.7,16.6,18.4,17.2,17.3,16.5,16.6,17.3,18.5,17.5,17.6,18.1,17,75,68,80,60,76,59,63,67,71,61,72,64,68,79,71,67,67,75,68,68,62,77,70,78,66,74,66,51,73,66,70,67,58,74,81,57,72,72,75,68,0,0.1,0,0,0,0,0,0,0,0,0,0,0,0,0,0,0,0,0,0,0,0,0,0,0,0,0,0,0,0,0,0,0,0,0,0,0,0,0,0,4.3,5.5,5.2,8.5,5.9,5.6,5.6,5.6,6.8,5.7,4.3,6.2,8.6,6.5,8,5.9,6.8,6.6,7.6,4.5,10,4.8,5,6,5.9,5.1,6.7,6.1,5.9,5.9,5.1,6.3,5.2,6.1,4.8,6.8,5.1,3.7,6,7.1,,,,,,,,,,,,,,,,,,,,,,,,,,,,,,,,,,,,,,,,,18.6,19.4,18,18.9,19,18.5,18.4,17.4,19.6,18.8,18.7,20.4,18,18.7,18.5,19,19.1,17.6,19.5,17.8,19.1,19.2,18,17.3,18.5,19,17.7,19,18.8,18.6,18.3,69,57,64,74,61,66,78,75,62,72,58,55,72,65,54,79,52,73,63,68,83,52,56,71,78,66,73,72,66,59,75,0,0,0,0,0,0,0,0,0,0,0,0,0,0,0,0,0,0,0,0,0,0,0,0,0,0,0,0,0,0,0,16.3,4.3,22.6,20,14.4,15.1,18.9,16.9,8.7,18.9,4.7,1.8,20.8,15.5,3.3,22.5,10.1,15.1,12.7,13.7,26.5,7,3.6,21.3,23.8,14.2,21,21.5,13,6.6,21.5,16.6,3.6,24.5,22.7,14.4,15.5,20.9,19.8,9,22,5.4,6.1,20.9,15.8,6.8,25.6,11.9,16.6,13,14,30.6,5.8,5.4,23,26.6,14.4,21.2,25.6,13,6.1,22.7,,,,,,22.2204,114.2127
2025-12-28T20:00,19.3,17.2,17.6,18,16.7,16.1,15.7,17.6,17.9,17,18,17.5,16.5,17.5,17.8,18,15.7,17,16.2,18.5,16.5,18.4,17.1,17.3,17.5,17.6,16.9,17.7,16.7,18.6,17.3,17.4,16.6,16.7,17.3,18.6,17.5,17.7,18.2,17.1,75,68,80,60,76,60,64,68,72,61,72,65,69,79,72,68,67,75,69,68,62,77,70,78,67,75,67,51,74,66,71,68,59,75,81,57,72,73,75,69,0,0.1,0,0,0,0,0,0,0,0,0,0,0,0,0,0,0,0,0,0,0,0,0,0,0,0,0,0,0,0,0,0,0,0,0,0,0,0,0,0,4.3,5.8,5.2,8.5,5.9,5.4,5.5,5.6,6.8,5.4,4.3,6.2,8.6,6.5,8,6.2,6.8,6.9,7.9,4.5,10,4.8,5.5,6,5.6,5.4,6.5,6.1,5.6,6,5.1,6.3,5.2,6.2,4.8,6.8,5.4,3.7,6,6.9,,,,,,,,,,,,,,,,,,,,,,,,,,,,,,,,,,,,,,,,,18.5,19.3,17.9,19,19,18.5,18.5,17.6,19.5,18.9,18.6,20.2,18,18.8,18.6,19,19,17.8,19.4,17.8,19,19.1,18,17.3,18.5,19,17.6,19,18.8,18.5,18.2,70,58,66,76,62,67,79,75,63,73,59,56,73,65,54,81,54,74,64,68,84,53,56,71,78,67,75,73,67,60,76,0,0,0,0,0,0,0,0,0,0,0,0,0,0,0,0,0,0,0,0,0,0,0,0,0,0,0,0,0,0,0,16.8,3.8,23.1,20.1,15.1,14.2,19.3,17,8.9,19.7,5.5,2.5,20.6,14.1,3.3,22.8,11.2,14.5,13.1,12.8,27.2,6.2,2.9,21,24.1,14.7,21.9,22.3,13.7,7.1,21.8,16.9,3.6,25.6,23,15.1,14.8,21.2,19.8,8.3,23,6.1,6.5,20.5,14.4,6.5,26.3,13.3,15.8,13.3,13,32,6.5,5.4,23,27.4,15.1,22.3,26.3,14,6.8,23.8,,,,,,22.2204,114.2127
2025-12-28T21:00,19.3,17.3,17.6,18,16.6,16.1,15.7,17.6,17.9,17,18,17.5,16.5,17.5,17.8,18.1,15.7,17,16.2,18.5,16.4,18.4,17.2,17.2,17.5,17.6,16.9,17.7,16.7,18.7,17.3,17.4,16.7,16.8,17.3,18.7,17.4,17.7,18.2,17.2,75,68,80,60,77,61,65,69,73,61,72,66,70,79,73,69,67,75,69,68,63,77,71,78,68,76,68,52,74,67,71,69,60,76,82,57,73,74,75,70,0,0,0,0,0,0,0,0,0,0,0,0,0,0,0,0,0,0,0,0,0,0,0,0,0,0,0,0,0,0,0,0,0,0,0,0,0,0,0,0,4.3,6.2,5.2,8.5,5.9,5.4,5.5,5.6,6.8,5.4,4.3,6.2,8.3,6.5,8,6.2,6.8,7.3,7.9,4.5,10,4.8,5.5,6,5.6,5.8,6.5,6.1,5.6,6.1,5.1,6.3,5.2,6.2,4.8,6.5,5.4,3.7,5.6,6.7,,,,,,,,,,,,,,,,,,,,,,,,,,,,,,,,,,,,,,,,,18.5,19.3,18,19,18.9,18.5,18.5,17.9,19.5,18.9,18.8,20.1,18,18.9,18.7,19,19,17.9,19.4,17.9,18.9,19.1,18,17.5,18.6,19,17.6,19,18.8,18.5,18.3,71,59,67,78,64,68,80,75,63,75,59,56,74,65,54,82,55,75,66,69,85,54,56,71,78,68,77,75,69,61,78,0,0,0,0,0,0,0,0,0,0,0,0,0,0,0,0,0,0,0,0,0,0,0,0,0,0,0,0,0,0,0,16.8,3.1,23.1,20.6,15.9,14,19.7,17.1,8.3,20.6,6.1,1,20.2,12.6,4.3,23.2,12.4,15.1,14.1,13.1,28.4,5.5,1.1,21.3,23.9,15.1,23.6,23.8,15.2,8.4,22.6,17.3,3.6,25.9,23.8,16.2,14.8,22,19.8,7.6,24.1,7.2,6.8,20.5,13,6.5,26.6,14.4,16.6,14.4,13.3,33.5,6.8,5,23.8,27.4,15.8,24.1,28.1,15.8,8.6,25.2,,,,,,22.2204,114.2127
2025-12-28T22:00,19.2,17.4,17.5,17.8,16.5,16,15.6,17.5,17.9,16.9,17.9,17.4,16.4,17.5,17.8,18.2,15.6,17,16.1,18.4,16.3,18.4,17.1,17.2,17.4,17.6,16.9,17.5,16.7,18.8,17.3,17.4,16.6,16.7,17.3,18.6,17.2,17.7,18.2,17.2,75,69,81,61,77,62,67,71,73,61,73,67,71,80,74,70,67,76,69,69,63,78,72,78,68,76,69,52,75,68,71,69,61,76,82,57,74,75,76,70,0,0,0,0,0,0,0,0,0,0,0,0,0,0,0,0,0,0,0,0,0,0,0,0,0,0,0,0,0,0,0,0,0,0,0,0,0,0,0,0,4.3,6.5,5,8.4,5.6,5.1,5.2,5.6,6.8,5.4,4.3,6,8,6.1,7.6,6.5,6.9,7.6,8.3,4.3,10,4.7,5.8,5.5,5.6,6.1,6.2,6.1,5.4,6.8,5.4,6.3,5.2,6.5,4.7,6.3,5.1,3.7,5.5,7,,,,,,,,,,,,,,,,,,,,,,,,,,,,,,,,,,,,,,,,,18.5,19.4,18.1,19,18.9,18.5,18.5,18,19.5,18.8,18.9,20,18,18.9,18.8,19.1,19.1,18,19.2,18,18.6,19.2,17.9,17.6,18.8,19,17.5,19,18.7,18.6,18.3,72,59,67,79,66,70,82,75,63,77,60,57,74,66,55,81,57,75,69,70,86,54,57,72,79,70,79,78,71,61,80,0,0,0,0,0,0,0,0,0,0,0,0,0,0,0,0,0,0,0,0,0,0,0,0,0,0,0,0,0,0,0,16.9,1.8,23.1,21.1,16.7,14.5,20.2,16.9,7.1,21.9,7,2.6,19.8,11.6,5.8,23.5,13.7,16.9,15.2,14.2,29.6,5.9,1.8,22,23.1,15.8,25.3,25.8,17.3,10.1,23.2,17.6,3.6,26.3,24.5,17.3,15.1,23,19.8,6.8,25.6,8.3,7.6,20.2,11.5,7.2,27.4,15.5,18,15.8,14.8,35.3,7.2,5,24.8,27,16.9,26.3,30.6,18.4,11.2,26.3,,,,,,22.2204,114.2127
2025-12-28T23:00,19.1,17.4,17.4,17.6,16.3,15.9,15.5,17.4,17.9,16.7,17.8,17.2,16.2,17.4,17.7,18.2,15.6,16.9,16,18.2,16.1,18.3,17.1,17,17.2,17.6,16.8,17.3,16.5,18.8,17.1,17.2,16.5,16.7,17.2,18.5,17,17.5,18.1,17.1,76,69,81,61,78,63,69,74,74,61,73,68,72,80,75,71,67,76,69,69,64,80,73,78,69,77,69,53,75,69,71,70,63,76,83,58,75,76,76,71,0,0,0,0,0,0,0,0,0,0,0,0,0,0,0,0,0,0,0,0,0,0,0,0,0,0,0,0,0,0,0,0,0,0,0,0,0,0,0,0,4.7,6.9,5.2,8.4,5.2,5.1,5,5.6,7.2,5.4,4.3,6,7.6,6.1,6.8,6.5,6.9,8,7.9,4.3,9.7,4.6,5.8,5.2,5.6,6.5,6.1,6.1,5.4,7.3,5.4,6.3,4.9,6.5,4.3,5.8,4.8,4,5.4,6.8,,,,,,,,,,,,,,,,,,,,,,,,,,,,,,,,,,,,,,,,,18.5,19.3,18.1,18.9,18.7,18.4,18.5,18.2,19.5,18.6,18.9,19.8,18.1,18.9,18.7,19.1,19,18,19.1,18,18.5,19.2,17.8,17.7,18.9,18.9,17.4,18.8,18.6,18.6,18.4,73,60,68,80,69,71,83,76,63,78,61,58,75,67,57,81,59,76,71,71,86,55,58,72,79,72,80,81,73,62,81,0,0,0,0,0,0,0,0,0,0,0,0,0,0,0,0,0,0,0,0,0,0,0,0,0,0,0,0,0,0,0,16.9,0.8,23.1,22,17.5,14.7,21.1,17.2,6.1,23,8.3,5.8,19.4,10.9,8,24.3,15.1,18.3,16.5,15.2,30.4,7.2,3.4,22.4,22.3,16.2,26.3,27.6,18.8,12.3,23.6,18.4,3.6,26.3,25.6,18.4,15.5,24.1,20.2,6.5,27,9.4,8.6,20.2,11.2,8.3,28.1,16.9,19.4,17.3,16.2,36.4,7.9,5,25.2,26.3,18,28.1,32.4,20.2,13.3,27.4,,,,,,22.2204,114.2127
2025-12-29T00:00,18.9,17.4,17.3,17.4,16.1,15.7,15.3,17.3,17.7,16.5,17.6,17,16.1,17.3,17.6,18.1,15.5,16.9,15.9,18,15.9,18.2,17,16.9,17,17.5,16.6,17,16.3,18.8,16.9,17,16.4,16.6,17.1,18.4,16.6,17.3,17.9,17,76,69,82,62,80,65,70,76,75,61,74,69,73,80,76,72,68,77,69,70,66,81,74,78,70,77,70,54,75,70,70,70,64,77,84,58,77,77,77,72,0,0,0,0,0,0,0,0,0,0,0,0,0,0,0,0,0,0,0,0,0,0,0,0,0,0,0,0,0,0,0,0,0,0,0,0,0,0,0,0,4.7,7.2,4.9,8.4,5.4,4.8,4.9,5.2,7.2,5.2,4.3,6,7,5.9,6.5,6.9,6.9,8.4,7.9,4.7,9.7,4.4,5.7,5.2,5.6,6.8,6.1,6,5.1,8,5.7,6.6,4.7,6.8,4,5.6,4.4,4,5.4,7.1,,,,,,,,,,,,,,,,,,,,,,,,,,,,,,,,,,,,,,,,,18.5,19.2,18.1,18.9,18.6,18.2,18.5,18.5,19.5,18.6,18.9,19.5,18.2,18.9,18.7,19.1,19,18,19,18,18.3,19.3,17.8,17.8,19,18.9,17.2,18.7,18.5,18.6,18.5,74,61,70,81,72,72,84,77,63,78,64,61,75,68,60,81,63,76,73,73,86,56,59,72,80,74,80,82,74,63,81,0,0,0,0,0,0,0,0,0,0,0,0,0,0,0,0,0,0.1,0,0,0,0,0,0,0,0,0,0,0,0,0,17.3,0.4,23.1,23.1,18.6,14.7,22.1,17.9,6,24.4,9.9,9.5,19.1,11.7,10.5,25.8,17,18.7,17.4,16.7,30.9,8.9,4.6,21.7,20.9,16.8,26.6,28.1,19.1,14.1,23.6,19.1,3.6,26.6,26.6,19.8,15.8,25.6,20.9,6.5,28.8,10.8,10.8,20.2,12.2,10.8,29.5,18.7,20.2,18.4,17.6,37.1,9.4,5.8,24.5,24.1,19.1,28.8,32.4,20.9,14.8,27.7,,,,,,22.2204,114.2127
2025-12-29T01:00,18.7,17.5,17.1,17.1,15.9,15.5,15,17.1,17.6,16.2,17.3,16.7,15.9,17.1,17.4,18.1,15.4,16.8,15.7,17.7,15.7,18,16.9,16.8,16.8,17.4,16.4,16.7,16.1,18.8,16.7,16.7,16.2,16.5,17,18.2,16.2,17.1,17.7,16.9,77,70,83,62,81,66,72,79,75,60,75,71,74,80,77,73,68,77,68,70,67,83,76,79,71,77,71,55,74,71,69,70,66,77,85,59,79,78,78,72,0,0,0,0,0,0,0,0,0,0,0,0,0,0,0,0,0,0,0,0,0,0,0,0,0,0,0,0,0,0,0,0,0,0,0,0,0,0,0,0,4.7,7.2,5.1,8.7,5.2,4.8,4.8,5.2,7.3,5.5,4.7,5.9,6.5,5.6,5.9,6.9,7,8.8,8,4.6,9.8,4.3,5.6,4.7,5.9,7.6,6.1,6,5,8.6,6.1,6.6,5,6.8,4,5.6,3.9,4.4,5.1,7.1,,,,,,,,,,,,,,,,,,,,,,,,,,,,,,,,,,,,,,,,,18.6,19.1,18,18.8,18.5,18.1,18.5,18.6,19.5,18.6,18.8,19.2,18.2,18.9,18.6,19.1,18.8,18,18.9,17.9,18.2,19.3,17.7,17.8,19,18.8,17.1,18.5,18.4,18.5,18.5,76,62,73,82,75,74,84,79,64,78,67,64,75,70,63,80,68,77,75,76,85,58,61,71,80,75,78,83,75,65,81,0,0,0,0,0,0,0,0,0,0,0,0,0,0,0,0,0,0.1,0,0,0,0,0,0,0,0,0,0,0,0,0,18.1,1.3,23.5,24.4,19.7,14.7,23.5,18.6,6.5,25.7,11.7,13.1,18.8,12.9,13.4,27.7,19.3,18.7,18,18.5,30.9,10.5,5.4,20.7,18.7,17.7,26.2,28.3,19.1,15.1,23.3,19.8,3.6,27,27.7,21.2,16.2,27,22,6.5,30.6,12.2,13.7,20.2,14,13.7,31.3,20.5,20.5,19.1,19.1,37.1,11.5,6.5,23,21.6,20.2,29.2,32,20.9,15.8,27.7,,,,,,22.2204,114.2127
2025-12-29T02:00,18.4,17.5,17,16.8,15.7,15.2,14.8,16.9,17.4,15.9,17.1,16.5,15.7,17,17.2,18,15.3,16.7,15.5,17.4,15.5,17.9,16.8,16.6,16.5,17.3,16.2,16.4,15.9,18.7,16.5,16.5,16.1,16.4,16.9,17.9,15.7,16.8,17.5,16.8,77,71,83,63,82,68,74,81,76,60,75,72,75,81,78,74,69,78,68,71,69,85,77,79,72,78,72,56,74,73,68,71,67,77,86,59,82,79,78,73,0,0,0,0,0,0,0,0,0,0,0,0,0,0,0,0,0,0,0,0,0,0,0,0,0,0,0,0,0,0,0,0,0,0,0,0,0,0,0,0,4.7,7.6,5.4,8.8,5.2,4.9,4.8,5,7.4,5.3,4.7,5.9,6.1,5.5,5.6,6.9,7.1,9.1,7.8,4.9,9.8,4.3,5.5,4.7,5.9,7.9,6,6,5.5,9.3,6.3,6.9,4.9,6.9,3.8,5.6,3.6,4.7,5.2,7.1,,,,,,,,,,,,,,,,,,,,,,,,,,,,,,,,,,,,,,,,,18.5,19,18,18.6,18.3,18,18.4,18.8,19.4,18.5,18.6,18.9,18.2,18.8,18.5,19,18.6,18,18.8,17.8,18,19.2,17.6,17.7,19,18.6,17,18.4,18.2,18.4,18.5,77,63,75,82,78,75,84,80,64,78,70,68,75,72,67,80,72,77,77,78,85,61,62,71,81,77,77,84,75,67,81,0,0,0,0,0,0,0,0,0,0,0,0,0,0,0,0,0,0.1,0,0,0,0,0,0,0,0,0,0,0,0,0,18.6,2.8,23.6,25.1,20.8,15,24.5,19.7,6.8,27.4,13.2,16,18.6,14.2,15.9,29.3,21,19,18.6,20,30.6,12.6,6.5,20.1,18,18.4,25.5,28.7,19.2,16.6,23.3,20.5,4.3,27.4,28.4,22.3,16.9,28.1,23.4,7.2,32.4,13.7,15.8,20.2,15.5,16.6,33.1,22,20.9,19.8,20.9,37.1,13.7,7.2,22.3,20.5,20.9,28.8,32,20.9,16.9,27.7,,,,,,22.2204,114.2127
2025-12-29T03:00,18.2,17.4,16.8,16.5,15.5,15,14.6,16.8,17.3,15.7,16.8,16.2,15.5,16.8,17.1,17.9,15.2,16.6,15.3,17.1,15.3,17.7,16.7,16.4,16.3,17.2,16,16.1,15.6,18.6,16.3,16.2,15.9,16.3,16.8,17.7,15.3,16.6,17.3,16.6,78,71,84,63,83,69,76,84,76,60,76,73,75,81,79,75,70,78,67,71,70,87,78,80,73,78,72,57,74,74,67,71,69,77,87,60,84,80,79,73,0,0,0,0,0,0,0,0,0,0,0,0,0,0,0,0,0,0,0,0,0,0,0,0,0,0,0,0,0,0,0,0,0,0,0,0,0,0,0,0,4.8,7.6,5.5,8.9,5.1,4.5,4.9,5,7.6,5.6,4.7,5.9,5.9,5.5,5.4,6.9,6.8,9.5,7.6,5.2,9.4,4.5,5.4,4.9,6.2,8.3,6.1,6.2,5.7,10,7,6.9,4.8,7.3,3.7,6,3.6,5.1,5.2,7.4,,,,,,,,,,,,,,,,,,,,,,,,,,,,,,,,,,,,,,,,,18.5,19,17.9,18.5,18.1,18,18.4,18.9,19.4,18.4,18.5,18.6,18.2,18.8,18.2,18.9,18.4,17.9,18.6,17.8,17.9,19.1,17.5,17.7,19.1,18.5,17,18.2,18.2,18.2,18.6,78,65,77,82,80,76,83,81,64,79,73,72,76,73,71,80,74,78,78,79,85,65,63,72,82,79,76,84,75,70,81,0,0,0,0,0,0,0,0.1,0,0,0,0,0,0,0,0,0,0,0,0,0,0,0,0,0,0,0,0,0,0,0,18.9,4.8,24.2,25.1,21.5,15.3,25.1,21.7,7.2,29.2,14.7,17.3,19.1,14.6,17.9,30.1,21.7,19.7,19.5,21.5,30.4,14.8,7.1,20.8,19.5,19.4,24.5,30.4,19.6,18.2,23.6,20.9,6.1,28.1,28.4,23.4,17.6,28.8,25.6,8.3,34.2,15.1,16.9,20.9,15.8,18.7,34.6,22.3,21.6,20.9,22.7,36.7,15.5,7.6,22.7,22.3,21.6,27.7,33.8,21.2,18.4,28.1,,,,,,22.2204,114.2127
2025-12-29T04:00,18,17.4,16.6,16.2,15.3,14.8,14.3,16.6,17.1,15.4,16.5,15.9,15.3,16.7,16.9,17.9,15.1,16.5,15.2,16.8,15.1,17.6,16.6,16.3,16.1,17.1,15.8,15.8,15.4,18.6,16,15.9,15.8,16.2,16.7,17.5,14.8,16.3,17.2,16.5,78,72,85,64,85,70,78,86,77,59,76,74,76,81,79,76,70,79,67,72,71,88,80,80,73,78,73,58,74,76,66,71,70,77,88,60,86,80,79,74,0,0,0,0,0,0,0,0,0,0,0,0,0,0,0,0,0,0,0,0,0,0,0,0,0,0,0,0,0,0,0,0,0,0,0,0,0,0,0,0,4.9,8,6,8.9,5.1,4.8,5,4.8,7.9,5.6,5,5.8,5.6,5.4,5.6,7.3,6.8,9.9,7.9,5.2,9.4,4.7,5.4,4.8,6.2,8.7,6.3,6.2,5.9,10.6,7.2,7.2,5.1,7.5,3.8,6.6,3.9,5.1,5.4,7.4,,,,,,,,,,,,,,,,,,,,,,,,,,,,,,,,,,,,,,,,,18.5,18.9,17.7,18.3,18,17.9,18.3,18.9,19.3,18.1,18.4,18.4,18,18.6,18,18.7,18.1,17.8,18.4,17.7,17.8,19,17.5,17.6,19.1,18.3,17,18,18.1,18,18.6,78,68,78,82,81,76,82,82,63,79,75,76,77,75,75,81,76,78,79,80,85,70,65,73,83,81,76,84,76,73,80,0,0,0,0,0,0,0,0.1,0,0,0,0,0,0,0,0,0,0,0,0,0,0,0,0,0,0,0,0,0,0,0,19.4,7.6,24.6,25,22.4,16.1,25.2,24,8.7,30.7,16.2,17.7,20.2,14.8,19.6,30.8,21.9,20.5,20.2,23,30.4,17.3,7.8,21.8,22,20.3,23.2,32.4,20.1,19.9,24.3,20.5,8.3,28.4,28.1,24.1,18.7,28.8,28.1,9.7,36,16.2,17.3,21.6,15.8,20.5,35.6,22.3,22,21.6,24.5,36.4,17.6,7.9,23.4,25.6,22,25.9,36.4,21.6,20.2,28.4,,,,,,22.2204,114.2127
2025-12-29T05:00,17.8,17.4,16.5,16,15.2,14.6,14.2,16.5,17,15.2,16.3,15.7,15.2,16.5,16.8,17.8,15.1,16.4,15,16.6,14.9,17.5,16.5,16.1,15.9,17,15.6,15.6,15.2,18.5,15.8,15.7,15.6,16.1,16.6,17.3,14.4,16.1,17,16.3,79,72,85,64,86,72,79,89,77,59,77,75,77,81,80,77,71,79,66,72,73,90,81,80,74,78,74,59,73,77,65,72,72,77,89,60,88,81,79,74,0,0,0,0,0,0,0,0,0,0,0,0,0,0,0,0,0,0,0,0,0,0,0,0,0,0,0,0,0,0,0,0,0,0,0,0,0,0,0,0,5,8.4,6.3,9,5.4,4.7,5.2,4.8,7.7,5.5,5,5.8,5.7,5.6,5.8,7.3,7,10,7.9,5.2,9.2,5,5,5.2,6.2,9,6.5,6.2,6.2,10.9,7.9,7.2,5.2,7.6,3.8,7.2,4.2,5.5,5.5,7.6,,,,,,,,,,,,,,,,,,,,,,,,,,,,,,,,,,,,,,,,,18.4,18.8,17.5,18.2,17.9,17.8,18.2,18.8,19.2,17.9,18.2,18.2,17.9,18.5,17.7,18.5,17.9,17.6,18.2,17.6,17.6,18.7,17.5,17.5,19.1,18.1,16.9,17.8,18,17.7,18.5,78,71,79,81,81,76,81,83,63,80,77,79,78,76,78,81,76,78,79,80,84,74,66,75,83,82,75,84,76,75,80,0,0,0,0,0,0,0,0.1,0,0,0,0,0,0,0,0,0,0,0,0,0,0,0,0,0,0,0,0,0,0,0,19.7,9.9,24.9,24.8,22.8,16.8,25,25.7,10.9,32.1,17,17.8,20.5,15.1,20.6,31.3,21.4,21,20.1,24.1,30.3,19.2,8.5,22.6,23.8,21.3,21.8,33.9,20.6,21.3,25.1,20.5,10.4,28.8,28.1,24.5,19.1,28.4,30.2,11.2,37.4,16.9,17.6,22,15.8,21.6,36.4,21.6,22.3,21.6,25.9,36,19.4,8.3,24.1,27.7,22.7,24.1,37.8,21.6,22,29.2,,,,,,22.2204,114.2127
2025-12-29T06:00,17.6,17.4,16.4,15.8,15.1,14.5,14,16.4,16.9,15,16.1,15.5,15.1,16.4,16.7,17.8,15.1,16.3,14.9,16.4,14.7,17.4,16.5,16,15.7,17,15.5,15.3,15.1,18.5,15.7,15.5,15.5,16,16.5,17.1,14.1,15.9,16.9,16.3,79,73,86,65,86,73,80,90,78,59,77,76,77,82,81,78,71,80,66,72,74,91,82,81,75,78,74,60,73,78,64,72,73,77,89,60,90,82,79,74,0,0,0,0,0,0,0,0,0,0,0,0,0,0,0,0,0,0,0,0,0,0,0,0,0,0,0,0,0,0,0,0,0,0,0,0,0,0,0,0,5.2,8.4,6.8,9.4,5.1,4.9,5.4,4.5,8.1,5.8,5,5.8,5.8,5.6,6.3,7.3,7.1,10.3,8.1,5.5,9.2,5.2,5.1,5.4,6.5,9.4,6.7,5.8,6.1,11.7,7.8,7.2,5,8.1,4.4,7.6,4.6,5.5,5.8,7.9,,,,,,,,,,,,,,,,,,,,,,,,,,,,,,,,,,,,,,,,,18.3,18.6,17.5,18.2,17.8,17.8,18.1,18.9,19,17.8,18.1,18.2,17.8,18.4,17.6,18.4,17.8,17.5,18.1,17.6,17.6,18.5,17.4,17.5,19.2,18.1,16.9,17.7,17.9,17.5,18.5,78,73,78,80,81,76,80,83,63,80,77,79,78,77,78,81,74,77,78,81,83,77,68,76,83,82,74,84,76,76,80,0,0,0,0,0,0,0,0,0,0,0,0,0,0,0,0,0,0,0,0,0,0,0,0,0,0,0,0,0,0,0.1,19.8,12,24.9,24.8,22.5,16.9,23.8,26.7,12.8,33,16.9,17.6,19.6,15.8,20.5,31.8,19.6,20.5,18.7,25.6,29.7,20.7,9.7,22.7,24.2,22.1,20.2,33.9,20.5,22.9,25.9,20.5,12.2,28.8,28.4,24.1,19.1,27.4,31.7,13,38.9,16.9,17.6,21.2,16.6,21.6,37.1,19.8,21.6,20.5,27.4,35.6,21.2,9,24.1,28.1,23.4,22.3,37.8,21.2,24.1,29.9,,,,,,22.2204,114.2127
2025-12-29T07:00,17.5,17.4,16.3,15.7,15.1,14.4,14,16.3,16.8,14.9,16,15.4,15,16.4,16.6,17.7,15.1,16.3,14.9,16.3,14.6,17.3,16.4,16,15.6,16.9,15.4,15.2,15.1,18.4,15.6,15.4,15.5,16,16.5,17,13.9,15.8,16.9,16.2,80,73,86,65,87,73,81,91,78,59,78,76,78,82,81,79,72,80,66,73,75,92,83,81,76,78,75,60,72,79,63,72,73,77,89,60,91,83,79,75,0,0,0,0,0,0,0,0,0,0,0,0,0,0,0,0,0,0,0,0,0,0,0,0,0,0,0,0,0,0,0,0,0,0,0,0,0,0,0,0,5,8.8,6.9,9.2,5.2,4.9,5.2,4.5,8.3,5.5,5.1,5.8,6,5.7,6.5,7.3,7.1,10.3,8,5.2,9,5.4,5.1,5.6,6.2,9.4,6.7,5.8,6.5,11.6,8.1,7.2,5.3,8.2,4.2,8.3,4.6,5.6,5.8,7.7,,,,,,,,,,,,,,,,,,,,,,,,,,,,,,,,,,,,,,,,,18.1,18.5,17.5,18.2,17.8,17.9,18,18.9,18.7,17.8,18.1,18.2,17.7,18.4,17.5,18.2,17.5,17.5,18,17.5,17.7,18.2,17.4,17.4,19.3,18,16.8,17.6,17.8,17.2,18.5,78,75,77,79,80,75,80,83,63,80,77,78,77,79,77,81,72,76,77,81,82,80,69,78,83,80,73,83,76,77,80,0,0,0,0,0,0,0,0,0,0,0,0,0,0,0,0,0,0,0,0,0,0,0,0,0,0,0,0,0,0,0.1,19.5,14,24.8,25.2,21.9,16.9,22.5,27.4,14.4,34,16.5,17.4,18.1,16.8,19.6,31.8,16.9,19.7,16.9,26.7,29,21.8,11,22.5,23.8,22.3,18.8,32.8,20.3,24,27.2,20.2,13.7,28.4,29.2,23.4,18.4,25.6,32.4,14.8,40,16.9,17.3,19.8,17.3,20.9,37.4,17.3,20.9,18.4,28.8,34.9,23,10.1,23.8,27.7,24.1,20.2,37.1,20.9,26.3,30.6,,,,,,22.2204,114.2127
2025-12-29T08:00,17.5,17.5,16.3,15.7,15.1,14.4,14,16.3,16.8,14.8,16,15.4,15,16.4,16.6,17.7,15.1,16.3,14.9,16.2,14.6,17.3,16.4,15.9,15.6,16.9,15.4,15.2,15.1,18.4,15.6,15.4,15.6,16,16.6,17,13.8,15.7,16.9,16.2,80,74,86,66,87,74,82,92,78,59,78,77,78,82,81,79,72,80,66,73,76,92,83,81,76,78,75,61,72,80,63,72,74,77,89,60,92,83,79,75,0,0,0,0,0,0,0,0,0,0,0,0,0,0,0,0,0,0,0,0,0,0,0,0,0,0,0,0,0,0,0,0,0,0,0,0,0,0,0,0,5.2,8.8,7.1,9.2,5.2,4.9,5.2,4.5,8.3,5.5,4.7,5.4,6.2,5.7,6.7,7.3,7.1,10.3,8,5.2,8.7,5.4,5.1,5.9,6.2,9.4,6.7,5.5,6.5,12,8.1,7.2,5.3,8.2,4.5,8.7,4.8,5.6,5.8,7.7,,,,,,,,,,,,,,,,,,,,,,,,,,,,,,,,,,,,,,,,,18,18.4,17.5,18.2,17.9,18,18,19,18.5,17.8,18.1,18.3,17.7,18.4,17.6,18.1,17.5,17.5,18,17.5,17.8,18.1,17.4,17.3,19.4,18.1,16.7,17.5,17.7,17.1,18.4,78,75,75,77,79,74,79,83,63,80,76,77,75,79,75,81,68,74,75,81,80,81,70,79,82,79,72,82,76,76,80,0,0,0,0,0,0,0,0,0,0,0,0,0,0,0,0,0,0,0,0,0,0,0,0,0,0,0,0,0,0,0.1,18.9,15.5,24.3,25,21.3,17,20.9,27.8,15.6,34.1,16.1,16.6,16.8,17,18.5,31.7,15,18.6,15.3,27,28,22.3,11.7,22.7,23.5,22.4,17.7,31.9,20.5,24.7,28,19.8,14.8,27.4,29.5,22.3,18,23.8,32.8,15.8,40,16.6,16.6,18.4,17.6,20.2,37.4,15.1,19.8,16.6,29.5,33.8,23.8,10.8,23.4,27.4,24.5,18.7,36,21.2,27.4,31.7,,,,,,22.2204,114.2127
2025-12-29T09:00,17.5,17.5,16.3,15.7,15.2,14.5,14.1,16.3,16.9,14.9,16,15.4,15,16.4,16.7,17.8,15.2,16.3,15,16.3,14.7,17.3,16.5,15.9,15.7,17,15.5,15.2,15.3,18.5,15.6,15.4,15.7,16,16.7,17,13.9,15.8,17.1,16.3,80,75,86,67,87,74,82,92,78,59,78,77,78,82,81,79,72,80,66,73,77,92,83,81,76,78,75,61,72,81,63,72,74,77,88,60,92,83,78,75,0,0,0,0,0,0,0,0,0,0,0,0,0,0,0,0,0,0,0,0,0,0,0,0,0,0,0,0,0,0,0,0,0,0,0,0,0,0,0,0,5.1,8.8,7.1,8.9,5.2,5,4.9,4.5,8.3,5.2,4.4,5.2,6.2,5.7,6.7,7.3,7.1,10.3,8,4.8,8.5,5.4,5.1,5.9,5.9,9.4,6.4,5.3,6.5,11.9,7.8,6.9,5.3,8.2,4.5,9.1,4.6,5.4,5.4,7.6,,,,,,,,,,,,,,,,,,,,,,,,,,,,,,,,,,,,,,,,,18.2,18.5,17.6,18.5,18,18.2,18.1,19,18.6,17.9,18.3,18.4,18,18.5,17.9,18.4,17.8,17.6,18.5,17.6,17.9,18.2,17.5,17.3,19.5,18.4,16.9,17.6,17.6,17.3,18.5,77,73,72,75,77,73,77,83,62,79,74,76,72,77,73,80,63,71,72,81,78,80,70,80,81,77,70,81,76,74,79,0,0,0,0,0,0,0,0.1,0,0,0,0,0,0,0,0,0,0,0,0,0,0,0,0,0.1,0,0,0,0,0,0,18.5,16,22.7,24.9,20.4,17.1,19.7,27.8,16.1,33.3,15.8,15.3,15.4,16.6,17.9,31.9,13.8,17.8,13.9,26.3,26.7,22,11.9,23.2,23.1,21.5,17.1,31.2,21.5,24.4,29.3,19.1,15.5,25.2,29.5,21.6,18,22.7,32.8,16.2,38.5,16.2,15.1,16.6,16.9,19.4,37.1,14.4,19.1,15.5,28.8,32.4,23,10.8,23.4,27,23.8,17.6,34.6,22.7,27,32.8,,,,,,22.2204,114.2127
2025-12-29T10:00,17.6,17.6,16.4,15.9,15.4,14.6,14.3,16.4,17,15,16.2,15.6,15.1,16.5,16.8,17.8,15.4,16.3,15.1,16.5,14.8,17.4,16.6,16,15.9,17,15.7,15.4,15.6,18.5,15.8,15.6,15.9,16.1,16.9,17.1,14,15.9,17.3,16.4,81,75,85,67,86,74,82,91,78,60,79,77,78,82,81,79,72,80,67,73,77,91,83,81,77,78,75,62,71,81,63,72,74,77,88,59,92,83,78,76,0,0,0,0,0,0,0,0,0,0,0,0,0,0,0,0,0,0,0,0,0,0,0,0,0,0,0,0,0,0,0,0,0,0,0,0,0,0,0,0,5.1,9.1,7.1,8.7,4.9,4.8,4.7,4.7,7.8,5,4.1,4.8,6.2,5.4,6.7,7.3,7,9.9,7.8,4.6,8.2,5.5,5.1,5.6,5.9,9.1,6.2,4.7,6.1,11.9,7.5,6.8,5.2,8.1,4.5,9.1,4.3,5,5.1,7.9,,,,,,,,,,,,,,,,,,,,,,,,,,,,,,,,,,,,,,,,,18.4,18.8,18,18.8,18.2,18.6,18.5,19,18.9,18.1,18.6,18.4,18.4,18.9,18.1,18.8,18.1,17.9,19,17.9,18,18.4,17.9,17.2,19.7,18.6,17.1,17.8,17.6,17.6,18.8,76,68,68,72,74,71,74,83,61,79,72,74,69,74,70,80,58,66,68,80,76,77,68,81,81,76,68,80,76,72,78,0,0,0,0,0,0,0,0.1,0,0,0,0,0,0,0,0,0,0,0,0,0,0,0,0,0.1,0,0,0,0,0,0,17.6,15.5,20.6,24.6,19.4,17.3,19,27.5,15.6,32,15.7,14.1,14.2,15.6,17.5,31.7,12.9,17.1,12.6,24.8,25.5,21.3,11.6,24,22.4,20.2,16.6,30.1,22.8,23.7,30.6,18,15.5,22.7,29.2,20.5,18,21.6,32,15.5,36,15.8,13,15.1,15.5,18.7,36.4,14,18.4,14.8,27,30.2,21.2,10.1,23.8,26.3,22.3,17.3,32.8,24.8,25.9,33.8,,,,,,22.2204,114.2127
2025-12-29T11:00,17.8,17.6,16.5,16.1,15.7,14.8,14.6,16.5,17.2,15.2,16.3,15.8,15.3,16.7,17,17.9,15.6,16.4,15.3,16.7,15,17.5,16.7,16.1,16.1,17.1,15.9,15.6,15.9,18.6,15.9,15.8,16.1,16.2,17.1,17.2,14.2,16.1,17.6,16.6,81,76,85,68,86,74,82,90,78,61,79,77,78,82,80,79,72,79,68,73,78,90,82,81,77,77,76,62,71,81,64,72,74,77,86,58,92,83,76,76,0,0,0,0,0,0,0,0,0,0,0,0,0,0,0,0,0,0,0,0,0,0,0,0,0,0,0,0,0,0,0,0,0,0,0,0,0,0,0,0,5.1,9,6.9,8.2,4.6,4.7,4.3,4.7,7.8,4.7,3.5,4.3,5.8,4.8,6.5,7.3,7,9.5,7.9,3.9,7.8,5.6,5.1,5.7,5.9,8.7,5.6,4.3,5.8,11.5,7.3,6.5,4.8,8.3,4.2,9.4,3.3,5,4.7,7.8,,,,,,,,,,,,,,,,,,,,,,,,,,,,,,,,,,,,,,,,,18.6,19,18.2,19,18.5,18.9,18.8,19,19.1,18.3,18.9,18.4,18.8,19.1,18.5,19,18.5,18,19.6,18.1,18.2,18.5,18.1,17.2,19.9,19,17.4,17.9,17.6,17.9,18.9,74,65,65,70,72,70,72,83,59,78,70,73,66,71,67,79,54,63,64,79,74,75,67,81,80,74,66,79,75,69,77,0,0,0,0,0,0,0,0.1,0,0,0,0,0,0,0,0,0,0,0,0,0,0,0,0,0.1,0,0,0,0,0,0,16.6,14.5,19,24.2,18.3,17.5,18,27.2,14.5,30.4,15.1,12.8,13,14.4,16.6,31.6,12,16.5,11.1,23.3,23.5,20.2,10.6,24.1,21.7,18.9,16.1,28.6,23.7,22.6,31.4,16.6,15.1,20.5,28.8,19.1,18,20.5,31.3,14.8,33.8,15.5,11.2,13.7,14,17.6,35.6,13.7,17.6,13.7,25.6,27.7,19.1,9.4,23.8,25.6,20.9,16.6,30.6,26.3,24.1,34.6,,,,,,22.2204,114.2127
2025-12-29T12:00,18,17.7,16.6,16.4,16,15.1,14.9,16.7,17.3,15.5,16.6,16.1,15.4,16.9,17.2,18,15.9,16.5,15.5,17,15.2,17.6,16.8,16.2,16.4,17.2,16.1,15.9,16.3,18.6,16.2,16,16.4,16.3,17.4,17.3,14.5,16.3,17.9,16.8,81,76,84,69,85,73,81,88,78,61,79,77,78,83,80,78,72,79,68,73,78,88,82,80,77,77,76,61,70,81,64,71,73,77,85,57,92,83,75,76,0,0,0,0,0,0,0,0,0,0,0,0,0,0,0,0,0,0,0,0,0,0,0,0,0,0,0,0,0,0,0,0,0,0,0,0,0,0,0,0,5.5,9.4,6.4,8,4.1,4.6,3.9,4.9,7.6,4.3,3.1,4.2,5.6,4.3,6.2,7.2,6.5,9.1,7.6,3.4,7.4,5.4,5,5.5,5.7,8.3,5.2,4.4,5.4,11.2,6.6,6.4,4.8,8.2,4.2,9.4,2.5,4.6,4.1,7.6,,,,,,,,,,,,,,,,,,,,,,,,,,,,,,,,,,,,,,,,,19,19.3,18.5,19.1,18.7,19,19.1,19,19.4,18.5,19.1,18.6,19,19.4,18.8,19.2,19,18.2,20.2,18.3,18.8,18.6,18.5,17.3,20,19.2,17.6,18,17.6,18,19,72,63,62,69,70,70,70,83,57,77,67,71,64,69,64,79,51,61,60,78,70,74,65,81,80,72,65,77,74,67,77,0,0,0,0,0,0,0,0,0,0,0,0,0,0,0,0,0,0,0,0,0,0,0,0,0.1,0,0,0,0,0,0,14.8,12.6,17.7,24.1,16.7,17.6,16.8,27,12.7,29,13.9,11,12.4,12.9,14.3,30.9,10.6,16,8.9,22.2,20.5,18.8,8.9,23.8,21.1,18.1,15,26.1,23.2,20.6,31.4,14.8,13.7,19.1,28.8,16.9,17.6,19.1,30.2,13.7,32,14.4,9.4,13,12.2,15.5,34.2,12.6,17.6,11.2,24.1,24.1,16.9,8.3,23,24.5,19.4,15.8,27.7,26.3,21.6,34.2,,,,,,22.2204,114.2127
2025-12-29T13:00,18.3,17.8,16.8,16.7,16.3,15.3,15.3,16.9,17.6,15.8,16.8,16.3,15.6,17,17.5,18.1,16.1,16.6,15.8,17.3,15.4,17.7,17,16.3,16.7,17.3,16.4,16.2,16.8,18.7,16.4,16.3,16.7,16.4,17.7,17.5,14.9,16.5,18.3,17,81,77,83,69,83,73,80,86,77,62,79,77,78,83,79,78,73,78,69,73,78,86,81,80,77,76,76,61,69,81,65,71,72,77,83,56,91,82,73,76,0,0,0,0,0,0,0,0,0,0,0,0,0,0,0,0,0,0,0,0,0,0,0,0,0,0,0,0,0,0,0,0,0,0,0,0,0,0,0,0,5.5,9.4,6.2,7.4,3.8,4.8,3.6,5.2,6.9,3.8,3.1,3.8,5.5,4.2,6,6.8,6.4,8.7,7.6,3.1,7.1,5.5,5.1,5.5,5.6,7.9,5.1,4.3,5.2,10.8,6.1,5.9,5,8.1,4.1,9.4,1.8,4.3,3.4,7.9,,,,,,,,,,,,,,,,,,,,,,,,,,,,,,,,,,,,,,,,,19.2,19.6,18.7,19.2,19,19.1,19.5,19,19.7,18.5,19.5,19,19.2,19.6,19.1,19.2,19.4,18.3,20.8,18.5,19.4,18.6,18.7,17.3,20.1,19.5,17.8,18.2,17.6,18.2,18.9,70,61,60,68,68,70,68,82,55,77,64,69,64,68,62,79,49,59,56,78,66,73,63,80,79,71,64,75,73,65,77,0,0,0,0,0,0,0,0,0,0,0,0,0,0,0,0,0,0,0,0,0,0,0,0,0.1,0,0,0,0,0,0,12.7,10.6,17,24.3,14.7,17.8,15.4,26.4,10.6,27.7,12.7,8.7,12.2,11.1,12,30,9.1,15.5,6,21.4,16.9,16.9,6.8,22.6,20.5,17.3,14,23.1,22.5,18.7,31,13,11.5,18,28.4,14.4,17.3,17.3,29.2,11.9,30.2,13.3,7.6,13,10.4,13,32.8,11.2,17.6,8.3,23,20.2,14.8,7.2,22.3,23,17.6,15.1,24.8,25.6,18.7,33.5,,,,,,22.2204,114.2127
2025-12-29T14:00,18.5,17.8,16.9,17,16.7,15.6,15.6,17.1,17.8,16.1,17.1,16.7,15.9,17.3,17.7,18.2,16.4,16.7,16.1,17.6,15.7,17.9,17.1,16.5,17,17.5,16.6,16.5,17.3,18.8,16.7,16.6,17.1,16.5,18,17.7,15.3,16.8,18.7,17.3,81,78,83,70,82,72,79,83,77,63,79,77,78,83,78,77,73,78,70,73,78,84,80,80,77,76,75,61,69,82,65,71,71,76,82,55,90,82,72,77,0,0,0,0,0,0,0,0,0,0,0,0,0,0,0,0,0,0,0,0,0,0,0,0,0,0,0,0,0,0,0,0,0,0,0,0,0,0,0,0,5.9,9.4,5.7,7.4,3.4,5.2,3.4,5.4,6.8,3.7,3.2,3.9,5.4,3.9,5.8,6.8,6.3,8.3,7.4,2.9,6.9,5.8,5.1,5.4,5.7,7.6,4.7,4.4,4.9,10.4,5.4,5.6,5,8,3.8,9.4,1.1,4.2,2.7,7.8,,,,,,,,,,,,,,,,,,,,,,,,,,,,,,,,,,,,,,,,,19.4,19.9,18.9,19.3,19.1,19.2,19.7,19,19.9,18.5,19.6,19.1,19.5,19.7,19.4,19.2,19.7,18.5,21.1,18.6,19.9,18.6,18.8,17.3,20.1,19.6,18,18.4,17.6,18.4,18.8,68,60,59,67,67,71,66,82,54,76,62,68,63,67,60,80,48,58,54,77,63,72,62,80,79,70,63,73,72,63,78,0,0,0,0,0,0,0,0,0,0,0,0,0,0,0,0,0,0,0,0,0,0,0,0,0.1,0,0,0,0,0,0,11,8.6,16.5,24.5,12.9,18.1,14.8,26.2,8.2,26.7,12.1,6.9,12.1,10.1,10.5,28.9,7.9,14.8,3.6,20.6,14.5,15.2,4.8,21.7,20.4,16.6,13.6,20.6,21.7,17,30.6,11.5,10.1,17.6,28.4,12.6,17.3,15.8,28.4,10.4,28.8,12.6,6.8,13.3,9.4,11.2,31.7,10.1,17.6,6.5,22.3,16.9,13,6.1,21.2,22.3,16.2,14.4,22,24.5,16.9,33.1,,,,,,22.2204,114.2127
2025-12-29T15:00,18.8,17.9,17.1,17.3,17.1,15.9,16,17.3,18,16.4,17.4,17,16.1,17.5,18,18.2,16.7,16.8,16.4,18,15.9,18.1,17.3,16.6,17.3,17.6,16.9,16.8,17.7,18.8,16.9,16.9,17.4,16.6,18.3,17.9,15.6,17,19,17.5,81,78,82,71,81,71,79,81,76,64,79,77,78,83,77,77,72,77,71,73,79,83,79,79,77,75,75,61,68,81,66,70,70,76,80,54,89,82,70,77,0,0,0,0,0,0,0,0,0,0,0,0,0,0,0,0,0,0,0,0,0,0,0,0,0,0,0,0,0,0,0,0,0,0,0,0,0,0,0,0,6.2,9.7,5.5,7.1,3.2,5.6,3.4,5.4,6.3,3.9,3.3,3.9,5.4,3.7,5.6,6.8,6.2,7.9,7.7,2.5,7,6.1,5.1,5.5,5.6,7.2,5,4.7,4.7,9.7,5.1,5.7,5.2,8,3.6,9.5,0.8,4.2,2.3,7.7,,,,,,,,,,,,,,,,,,,,,,,,,,,,,,,,,,,,,,,,,19.5,20,19,19.4,19.1,19.2,20,19,20,18.6,19.8,19.2,19.6,19.8,19.5,19.2,19.8,18.9,21.2,18.8,20.2,18.7,18.8,17.4,20.2,19.6,18.1,18.6,17.9,18.6,18.5,67,59,58,66,66,72,65,82,53,76,61,67,62,66,59,81,48,56,54,77,62,71,62,80,79,70,62,71,71,61,79,0,0,0,0,0,0,0,0,0,0,0,0,0,0,0,0,0,0,0,0,0,0,0,0,0,0,0,0,0,0,0,10.5,6.9,16.5,24.5,11.9,18.4,14.2,26.5,5.4,25.8,12.4,6.5,12.4,10.1,9.8,28.2,6.3,13.3,1.1,20.6,13.3,14.2,3.3,20.7,20.6,15.1,12.7,18.4,21,16.8,30.7,11.2,9.4,18,28.4,11.9,18,14.8,28.8,9,28.1,13,7.2,14,9.7,10.8,31,9.4,16.9,6.5,22.3,15.5,11.9,5,20.2,22.3,14.8,13.7,19.4,23.4,16.6,33.5,,,,,,22.2204,114.2127
2025-12-29T16:00,19,18,17.2,17.6,17.4,16.3,16.4,17.5,18.2,16.7,17.6,17.3,16.3,17.6,18.2,18.3,17,16.9,16.6,18.3,16.2,18.2,17.4,16.7,17.6,17.7,17.2,17.1,18.2,18.9,17.2,17.2,17.8,16.8,18.6,18,16,17.3,19.4,17.7,82,79,81,71,79,71,78,79,76,65,79,76,77,83,76,76,72,77,72,73,79,81,78,79,77,75,75,61,67,81,67,70,69,76,78,53,88,81,69,77,0,0,0,0,0,0,0,0,0,0,0,0,0,0,0,0,0,0,0,0,0,0,0,0,0,0,0,0,0,0,0,0,0,0,0,0,0,0,0,0,6.5,9.8,5.1,7.4,3,6.2,3.6,5.8,6.2,3.7,3.6,4,5.1,4,5.6,6.8,5.9,7.2,7.6,2.9,6.9,6.2,4.8,5.4,5.8,6.5,5.2,5.1,4.5,9.4,4.9,5.3,5.8,7.9,3.6,10,1.8,4.4,1.8,7.6,,,,,,,,,,,,,,,,,,,,,,,,,,,,,,,,,,,,,,,,,19.6,20,19.1,19.5,19.1,19.1,20.1,18.8,20,18.5,19.9,19.3,19.8,19.8,19.4,19.2,19.8,19.4,21.1,18.9,20.4,18.8,18.6,17.4,20.1,19.5,18.2,18.7,18,18.9,18.3,67,60,58,65,65,72,64,83,53,76,60,66,62,66,59,82,49,55,55,77,61,71,62,80,80,70,62,70,69,60,79,0,0,0,0,0,0,0,0,0,0,0,0,0,0,0,0,0,0,0,0,0,0,0,0,0,0,0,0,0,0,0,10.8,6.4,17.1,24.9,11.3,18.7,13.7,27,3.6,24.8,13,7.9,13.3,10.4,10,27.4,5.4,11.5,3.4,20.6,12.9,13.2,2.8,19.3,21.1,13.7,12.2,16.3,20.5,17.3,30.8,11.5,9,18.7,28.4,11.5,18.7,14.4,29.9,7.9,28.1,13.7,8.3,14.8,10.4,11.2,31,8.6,15.8,7.6,22.3,14.4,11.2,4.3,18.7,22.3,13.7,13,17.6,22.3,17.3,34.2,,,,,,22.2204,114.2127
2025-12-29T17:00,19.3,18,17.4,17.9,17.7,16.5,16.7,17.6,18.4,16.9,17.9,17.5,16.5,17.8,18.4,18.4,17.2,17,16.9,18.6,16.4,18.3,17.5,16.8,17.9,17.8,17.5,17.4,18.6,19,17.4,17.5,18.1,16.9,18.9,18.2,16.3,17.5,19.7,17.9,82,80,81,72,78,70,77,77,76,66,80,76,77,83,76,76,72,77,73,73,79,79,78,79,77,75,75,61,67,81,67,69,68,76,77,52,88,81,68,77,0,0,0,0,0,0,0,0,0,0,0,0,0,0,0,0,0,0,0,0,0,0,0,0,0,0,0,0,0,0,0,0,0,0,0,0,0,0,0,0,6.8,9.8,5.1,7.5,2.9,6.4,4,6.1,5.7,4,4,4.7,5.1,4,5.6,6.5,5.8,6.8,7.6,3.3,7,6.6,4.9,5.4,6.1,6.1,5.4,5.6,4.4,8.7,4.8,5.5,6.1,7.9,3.4,10.1,2.5,4.7,1.6,7.6,,,,,,,,,,,,,,,,,,,,,,,,,,,,,,,,,,,,,,,,,19.6,19.9,19.2,19.5,19.1,19,20.1,18.7,20,18.5,19.9,19.3,19.9,19.7,19.4,19.1,19.6,19.8,21,19,20.4,18.8,18.5,17.4,20.1,19.5,18.4,18.8,18.2,19,18,67,60,59,65,64,73,64,83,53,76,61,66,62,65,59,83,50,54,56,77,61,71,62,80,80,70,62,69,68,60,80,0,0,0,0,0,0,0,0,0,0,0,0,0,0,0,0,0,0,0,0,0,0,0,0,0,0,0,0,0,0,0,11.4,7.3,17.3,25,11.4,18.7,13.3,27.4,4.3,24.2,14.1,9.3,14.4,10.7,11.1,27,5.8,9.1,6.1,20.5,12.8,11.6,3.3,18.1,21.5,12.6,12.6,14.8,20.3,18.4,31,11.9,9,19.1,28.8,11.5,19.4,14,30.6,6.8,28.1,14.8,9.4,15.8,11.2,12.2,31,8.3,14.8,8.6,22.7,13.7,10.4,4,17.3,22.7,12.6,13.3,15.8,22,18.4,34.6,,,,,,22.2204,114.2127
2025-12-29T18:00,19.5,18.1,17.5,18.2,18,16.8,16.9,17.8,18.5,17.2,18.1,17.8,16.7,17.9,18.6,18.5,17.4,17,17.1,18.8,16.6,18.4,17.6,16.9,18.2,17.9,17.7,17.7,18.9,19,17.6,17.7,18.4,17,19.1,18.3,16.6,17.7,19.9,18.1,82,80,80,72,77,69,76,75,76,67,80,76,76,83,75,75,72,77,74,73,79,78,77,79,77,75,75,62,66,81,68,69,68,76,76,51,87,81,67,77,0,0,0,0,0,0,0,0,0,0,0,0,0,0,0,0,0,0,0,0,0,0,0,0,0,0,0,0,0,0,0,0,0,0,0,0,0,0,0,0,7.6,9.9,4.7,7.7,2.9,6.6,4.4,6.1,5.6,4,4.5,4.7,5.4,4.1,5.4,6.5,5.8,6.5,7.6,3.5,7.2,7.2,4.9,5.8,6.1,5.8,5.8,6.2,4.3,8.3,5,5.4,6.1,7.9,3.2,10.2,2.9,5.1,1.4,7.6,,,,,,,,,,,,,,,,,,,,,,,,,,,,,,,,,,,,,,,,,19.6,19.9,19.3,19.4,19.2,18.9,20.1,18.8,19.9,18.6,19.8,19.4,19.9,19.7,19.5,19.1,19.6,19.9,21,19,20.4,18.7,18.5,17.4,20,19.5,18.5,18.9,18.3,18.9,18,67,61,60,66,63,73,65,83,54,76,63,65,63,64,61,84,51,54,57,78,61,71,63,80,80,70,62,69,68,62,81,0,0,0,0,0,0,0,0,0,0,0,0,0,0,0,0,0,0,0,0,0,0,0,0,0,0,0,0,0,0,0,11.3,7.8,17,25.4,10.8,18.4,13.3,27.2,4.9,24.1,15.1,10,15.1,10.5,12.9,26.8,6.4,6.3,8,20.2,11.4,9,4.3,16.6,21.5,11.9,14,14,20.6,19.8,30.9,11.2,9,19.1,29.9,11.2,19.4,14.4,30.6,5.8,28.4,15.8,10.1,16.6,10.8,14.8,31.3,7.9,13,9.4,22.7,11.9,9.7,4,15.8,23,11.9,14.8,14.8,22.7,20.5,34.9,,,,,,22.2204,114.2127
2025-12-29T19:00,19.7,18.2,17.6,18.4,18.1,17,17.1,17.9,18.6,17.4,18.2,17.9,16.9,18,18.7,18.5,17.6,17.1,17.3,19,16.7,18.5,17.7,17,18.4,17.9,17.9,17.9,19.2,19.1,17.7,17.9,18.6,17,19.2,18.4,16.8,17.8,20.1,18.2,82,81,80,72,75,69,76,74,76,68,80,76,76,84,74,75,72,77,74,74,80,77,76,79,77,75,76,62,66,81,69,68,67,76,75,50,87,81,66,78,0,0,0,0,0,0,0,0,0,0,0,0,0,0,0,0,0,0,0,0,0,0,0,0,0,0,0,0,0,0,0,0,0,0,0,0,0,0,0,0,7.6,10.3,4.3,8,3.2,7,4.5,6.5,5.2,4.4,4.6,5.1,5.5,4.2,5.5,6.2,5.8,6.2,7.6,4,7.1,7.3,4.6,5.4,6.1,5.1,6.2,6.6,4.1,8,4.8,5.2,6.5,7.6,3.2,10.4,3.3,5.1,1.1,7.6,,,,,,,,,,,,,,,,,,,,,,,,,,,,,,,,,,,,,,,,,19.6,19.8,19.4,19.3,19.2,18.8,20,18.8,19.6,18.6,19.7,19.5,19.9,19.7,19.6,19.1,19.5,20,20.9,19,20.3,18.6,18.4,17.3,20,19.5,18.6,18.9,18.3,18.7,17.9,67,63,62,67,62,74,67,82,55,77,66,65,65,64,63,84,52,55,58,78,61,71,63,80,81,69,63,71,69,65,82,0,0,0,0,0,0,0,0,0,0,0,0,0,0,0,0,0,0,0,0,0,0,0,0,0,0,0,0,0,0,0,10.4,8.4,16.2,25.9,10.5,17.8,14.1,26.6,5.2,24,15.8,10,15.8,9.7,15.7,27,7.4,5.5,9.7,19.8,9.8,7.6,5.1,14.8,21.5,11.2,16,13.7,21.3,21.3,30.5,10.4,9.4,19.1,31.7,10.8,19.4,14.8,30.6,4.7,28.8,16.9,10.4,17.3,10.4,17.6,31.7,7.9,10.8,10.4,22.3,10.1,8.6,4.3,14.4,23.4,11.9,17.3,14.4,23.8,23,35.3,,,,,,22.2204,114.2127
2025-12-29T20:00,19.8,18.2,17.6,18.5,18.2,17.2,17.2,18,18.7,17.5,18.3,18,17,18.1,18.8,18.5,17.8,17.1,17.5,19,16.8,18.5,17.7,17,18.5,17.9,18,18,19.3,19.1,17.7,18,18.8,17.1,19.3,18.4,16.9,17.9,20.1,18.3,82,81,80,72,74,69,76,73,76,69,80,76,75,84,73,75,72,77,75,74,80,77,76,79,77,75,76,63,66,81,69,68,67,76,74,50,87,81,66,78,0,0,0,0,0,0,0,0,0,0,0,0,0,0,0,0,0,0,0,0,0,0,0,0,0,0,0,0,0,0,0,0,0,0,0,0,0,0,0,0,7.9,10.3,4,8,3.2,7.3,4.5,6.5,5.2,4.4,4.6,5.1,5.5,4.2,5.5,6.2,5.8,5.8,7.6,4,7.1,7.3,4.6,5.4,6.1,4.7,6.6,6.6,4.1,7.6,4.8,5.2,6.5,7.2,3.2,10.7,3.7,5.1,1.1,7.2,,,,,,,,,,,,,,,,,,,,,,,,,,,,,,,,,,,,,,,,,19.6,19.7,19.4,19.2,19.3,18.6,19.9,18.8,19.5,18.7,19.6,19.5,19.9,19.6,19.6,19.1,19.4,19.8,20.7,19,20.1,18.5,18.3,17.3,20,19.5,18.7,18.9,18.3,18.5,17.8,67,64,64,69,62,74,69,82,56,77,69,65,68,64,66,85,54,58,59,79,62,71,64,79,81,69,64,72,70,67,83,0,0,0,0,0,0,0,0,0,0,0,0,0,0,0,0,0,0,0,0,0,0,0,0,0,0,0,0,0,0,0,10.2,8.8,15.9,26.8,10,17.6,14.8,26,4.3,24.3,16.9,10.1,16.6,9.6,18,27.2,8.1,8.3,9.7,19.5,9.3,7.1,5.4,13.3,21.7,10.8,17.8,13.7,21.3,22.8,30.1,10.4,9.7,18.7,33.5,10.4,19.4,16.2,30.2,4.7,29.5,18,11.2,18.4,10.4,20.2,32.4,8.3,10.8,10.4,22.3,9.7,7.6,4.7,13.3,23.8,11.9,19.1,14,24.5,25.6,35.3,,,,,,22.2204,114.2127
2025-12-29T21:00,19.9,18.3,17.5,18.6,18.1,17.3,17.2,18,18.7,17.5,18.3,18,17.1,18.1,18.8,18.5,17.9,17.1,17.6,19,16.8,18.5,17.7,16.9,18.6,17.8,18.1,18,19.4,19.1,17.7,18,18.9,17.1,19.3,18.4,16.9,17.9,20.1,18.3,82,81,80,72,73,69,76,73,76,70,80,76,74,84,72,75,72,78,75,75,81,77,76,79,77,76,76,64,66,81,69,68,67,76,74,50,87,81,66,78,0,0,0,0,0,0,0,0,0,0,0,0,0,0,0,0,0,0,0,0,0,0,0,0,0,0,0,0,0,0,0,0,0,0,0,0,0,0,0,0,7.9,10.3,3.6,8,3.3,7.3,4.5,6.5,5.2,4.4,4.6,5.1,5.5,4.2,5.5,6.2,5.8,5.4,7.2,4,7.1,7.3,4.1,5.1,5.8,4.3,6.6,6.6,4.1,7.2,4.8,5.2,6.5,6.8,3.2,11,3.7,5.1,0.8,6.8,,,,,,,,,,,,,,,,,,,,,,,,,,,,,,,,,,,,,,,,,19.6,19.8,19.4,19.2,19.4,18.6,19.7,18.8,19.6,18.8,19.5,19.6,19.8,19.7,19.5,19.1,19.3,19.5,20.6,19.1,20,18.6,18.3,17.5,20,19.6,18.7,18.9,18.5,18.5,17.9,68,65,67,70,62,74,72,82,56,77,72,65,71,64,70,85,56,63,59,79,64,71,64,77,81,69,66,73,70,69,84,0,0,0,0,0,0,0,0,0,0,0,0,0,0,0,0,0,0,0,0,0,0,0,0,0,0,0,0,0,0,0,10.9,9,15.5,28.3,9.9,18.2,16.4,25.5,1.5,24.6,18.1,10.6,17.3,10.2,18.7,27.8,8.8,12.4,7.6,19.5,11.2,5.8,5.1,12.3,21.9,11.2,18.6,13.3,20.5,23.9,29.4,11.5,10.1,18.7,36,10.1,20.5,18.7,29.5,6.5,30.6,19.4,12.2,19.4,11.2,21.2,33.1,9.4,13.7,8.6,22.3,11.9,5.4,5,13,24.5,12.6,20.2,13.7,23.8,27.7,34.6,,,,,,22.2204,114.2127
2025-12-29T22:00,19.9,18.3,17.5,18.6,18,17.4,17.1,18,18.6,17.5,18.2,18,17.1,18,18.7,18.5,18,17,17.7,18.9,16.8,18.5,17.7,16.9,18.6,17.7,18.2,18,19.3,19.2,17.6,18,19,17.1,19.2,18.4,16.8,17.8,19.9,18.2,82,82,81,71,71,69,77,73,77,71,80,77,73,85,71,76,72,79,76,75,81,78,76,80,78,76,77,66,66,81,70,67,67,76,74,50,88,82,67,79,0,0,0,0,0,0,0,0,0,0,0,0,0,0,0,0,0,0,0,0,0,0,0,0,0,0,0,0,0,0,0,0,0,0,0,0,0,0,0,0,8.3,10.7,3.2,7.8,3.7,7.4,4,6.5,4.9,4.3,4.1,4.7,5.7,3.8,5.7,5.9,5.8,5.1,6.8,3.9,6.7,7.3,4.1,4.7,5.4,4,6.6,6.2,4.1,7.2,4.6,5,6.1,6.1,3.1,11.3,3.3,4.7,0.4,6.5,,,,,,,,,,,,,,,,,,,,,,,,,,,,,,,,,,,,,,,,,19.6,19.9,19.4,19.2,19.4,18.7,19.5,18.8,19.9,18.8,19.5,19.6,19.7,19.7,19.4,19.2,19.2,19,20.5,19.2,19.9,18.8,18.4,17.6,20,19.6,18.6,18.8,18.6,18.5,17.9,69,65,70,72,63,73,75,81,55,76,74,66,75,65,74,86,58,69,59,79,66,70,64,75,82,69,67,74,70,70,85,0,0,0,0,0,0,0,0,0,0,0,0,0,0,0,0,0,0,0,0,0,0,0,0,0,0,0,0,0,0,0,12.6,9.1,15.6,30.3,9.7,18.8,18.9,24.6,3.4,24.9,18.8,11.6,18.4,11.1,18.5,28.8,10.1,17.1,5.1,19.5,14.5,3.9,5.7,11.8,22.1,11.9,18.5,12.7,19.5,25.2,28.6,13.3,10.4,18.4,38.5,9.7,22,21.6,28.4,9.4,32,20.9,13.3,20.9,12.2,21.6,34.2,11.2,18.4,6.1,22,15.8,2.9,5.8,13.3,24.8,14,20.9,13.7,22.7,29.5,33.5,,,,,,22.2204,114.2127
2025-12-29T23:00,19.9,18.4,17.4,18.6,17.8,17.5,17,18,18.5,17.5,18.1,17.9,17.2,17.9,18.6,18.4,18,17,17.7,18.8,16.7,18.4,17.6,16.7,18.6,17.6,18.2,18,19.2,19.2,17.4,17.9,19.1,17.1,19,18.3,16.6,17.7,19.7,18.2,82,82,82,70,70,70,78,74,78,72,81,77,72,85,70,76,71,80,76,76,82,79,76,81,78,77,78,68,66,81,70,67,68,77,74,51,89,83,68,79,0,0,0,0,0,0,0,0,0,0,0,0,0,0,0,0,0,0,0,0,0,0,0,0,0,0,0,0,0,0,0,0,0,0,0,0,0,0,0,0,8.3,10.6,2.5,7.6,3.8,7.5,3.6,6.1,5,4.3,3.7,4.3,5.9,3.3,5.6,5.4,5.8,5,6.5,3.3,6.8,6.8,3.7,4.3,5.1,3.3,6.5,5.9,3.9,6.8,4.7,5.2,5.8,5.4,3.1,11.5,2.9,4.3,0,5.9,,,,,,,,,,,,,,,,,,,,,,,,,,,,,,,,,,,,,,,,,19.6,19.9,19.4,19.2,19.4,18.7,19.3,18.7,19.9,18.8,19.4,19.6,19.6,19.7,19.1,19.2,19.1,18.5,20.3,19.2,19.6,18.8,18.4,17.7,19.9,19.6,18.5,18.8,18.6,18.5,17.9,70,66,72,73,64,73,77,81,54,76,76,67,78,66,77,86,61,74,60,79,68,70,64,73,83,70,69,75,70,71,86,0,0,0,0,0,0,0,0,0,0,0,0,0,0,0,0,0,0,0,0,0,0,0,0,0,0,0,0,0,0,0,14.2,10.1,15.3,32.2,9.3,19.5,20.5,24.2,7.7,25.7,19.4,13,19.2,11.7,18.3,29.2,12.2,21.7,5.6,19.5,17.2,1.9,6.5,11.7,22.2,12.7,18.9,12.6,18.8,26,27.9,15.1,11.2,18.4,40.7,9.4,22.7,24.1,28.1,12.6,33.5,22,14.8,22.3,13.3,21.6,34.6,13.3,23.4,5,22,18.7,1.4,6.8,13.3,25.2,15.1,21.6,13.3,21.6,30.6,32.4,,,,,,22.2204,114.2127
